sigma=1.0 time=0.00800013542175293 num_mc_iterations=5000
0.9894733241691785
0.9894733241691785
0.9894733241691785
0.9893286737552285
0.9893286737552285
0.9893286737552285
0.9893286737552285
0.9893286737552285
0.9893286737552285
0.9892220236458686
0.9990352814642969
0.9990352814642969
0.9990352814642969
0.9990352814642969
0.9889535610895671
0.9889535610895671
0.9889535610895671
0.9889535610895671
0.9889535610895671
0.9889535610895671
0.9892479917055751
0.9951220588126367
0.9951220588126367
0.9951220588126367
0.9951220588126367
0.9782226510108954
0.9782226510108954
0.97571387761724
0.97571387761724
0.97571387761724
0.97571387761724
0.97571387761724
0.97571387761724
0.97571387761724
0.97571387761724
0.97571387761724
0.97571387761724
0.97571387761724
0.9777922860907462
0.9777922860907462
0.9777922860907462
0.9777922860907462
0.9777922860907462
0.9876323917360545
0.9777990972793165
0.9823784036050476
0.9823784036050476
0.977854695537054
0.977854695537054
0.977854695537054
0.977854695537054
0.977854695537054
0.977854695537054
0.977854695537054
1.043712507443984
1.043712507443984
1.043712507443984
1.053344010385635
1.053344010385635
1.053344010385635
1.053344010385635
1.053344010385635
1.053344010385635
1.053344010385635
1.0044824570386979
1.0044824570386979
1.0044824570386979
1.0044824570386979
1.0044824570386979
1.049290514238364
0.9781360008203845
0.9778630454035107
0.9778630454035107
0.9778630454035107
0.9836006474808703
0.9836006474808703
0.9836006474808703
0.9836006474808703
0.9836006474808703
0.9836006474808703
0.9836006474808703
0.9836006474808703
0.9836006474808703
0.9761314811955498
0.9761314811955498
0.9761314811955498
0.9951948242758133
0.9951948242758133
0.9951948242758133
0.9962124912873658
0.9962124912873658
0.9962124912873658
0.9962124912873658
0.9962124912873658
0.9823945522943474
0.9823945522943474
0.9823945522943474
0.9823945522943474
0.9823945522943474
0.9823945522943474
0.9823945522943474
0.9788867643597965
1.004182155580768
1.000833228297426
1.000833228297426
1.000833228297426
1.000833228297426
1.0149083104481647
1.0009584260378435
1.0009584260378435
0.9976290499087919
0.9976290499087919
0.996995798912493
0.996995798912493
0.996995798912493
0.996995798912493
0.996995798912493
0.996995798912493
0.996995798912493
0.996995798912493
0.996995798912493
0.996995798912493
0.996995798912493
0.996995798912493
0.996995798912493
1.0420024783797008
1.0420024783797008
1.0420024783797008
1.0420024783797008
1.0420024783797008
1.0420024783797008
1.0420024783797008
1.0420024783797008
1.0420024783797008
1.0420024783797008
0.9983527882462475
0.9983527882462475
1.0001161351300443
1.0001161351300443
1.0001161351300443
1.0001161351300443
1.0001161351300443
1.0001161351300443
1.0067687831921877
1.0067687831921877
1.0067687831921877
1.0067687831921877
1.0067687831921877
1.0067687831921877
1.0067687831921877
1.0067687831921877
1.0067687831921877
0.9971560167606152
0.9779495916616967
0.9779495916616967
1.0015348371983692
1.0015348371983692
1.0015348371983692
1.0015348371983692
0.9777605933126838
0.9777605933126838
0.9777605933126838
0.9777605933126838
0.9777605933126838
0.9793316300506358
0.9793316300506358
0.9793316300506358
0.9793316300506358
0.9793316300506358
0.9793316300506358
0.9793316300506358
0.9766641696452281
0.9756191203805232
0.9822794978941287
0.9822794978941287
0.9822794978941287
0.9822794978941287
0.9822794978941287
0.9822794978941287
0.9822794978941287
0.9822794978941287
0.9822794978941287
0.9822794978941287
0.9822794978941287
0.9822794978941287
0.9822794978941287
0.9822794978941287
0.9822794978941287
0.9822794978941287
0.9822794978941287
0.9822794978941287
0.9822794978941287
0.9822794978941287
0.9822794978941287
0.9822794978941287
0.9822794978941287
0.9822794978941287
0.978881175366306
0.978881175366306
0.978881175366306
1.008416681823884
1.008416681823884
1.008416681823884
1.008416681823884
0.9920602973508281
0.9920602973508281
0.9920602973508281
0.9920602973508281
0.9920602973508281
0.9920602973508281
0.9920602973508281
0.9905862783994044
0.9905862783994044
0.9905862783994044
0.9905862783994044
0.9905862783994044
0.9905862783994044
0.9905862783994044
0.9905862783994044
0.9905862783994044
0.9905862783994044
0.9905862783994044
0.9905862783994044
0.9905862783994044
0.9905862783994044
0.9905862783994044
0.9905862783994044
0.9905862783994044
1.0197371748914419
1.0197371748914419
1.0197371748914419
1.0197371748914419
1.0197371748914419
1.0197371748914419
1.0197371748914419
1.0197371748914419
1.0197371748914419
1.0197371748914419
1.0197371748914419
0.9888485188966221
0.9888485188966221
0.9888485188966221
0.9888485188966221
0.9902498826155766
0.9902498826155766
0.9902498826155766
0.9939273390621046
0.9939273390621046
0.9939273390621046
0.9939273390621046
0.9939273390621046
0.9939273390621046
0.9939273390621046
0.9939273390621046
1.0044660032165948
0.9863611824235774
0.9863611824235774
0.9863611824235774
0.9863611824235774
1.039460917171774
1.039460917171774
1.039460917171774
1.039460917171774
1.039460917171774
1.039460917171774
0.9844227725932193
0.9844227725932193
0.9844227725932193
0.9844227725932193
0.9844227725932193
0.9844227725932193
0.9844227725932193
0.9844227725932193
0.9844227725932193
0.9844227725932193
0.9844227725932193
0.9844227725932193
0.9844227725932193
0.9844227725932193
0.9844227725932193
0.9844227725932193
0.9762948108593515
0.980251190463538
0.9865146290874518
1.0242997377417002
1.0809859231184764
1.0809859231184764
1.0809859231184764
1.0809859231184764
1.0809859231184764
0.9877411913145362
0.9877411913145362
0.9877411913145362
0.9877411913145362
0.9877411913145362
0.9877411913145362
0.9877411913145362
0.9877411913145362
0.9877411913145362
0.9957031671539838
0.9957031671539838
0.9957031671539838
0.9957031671539838
0.9957031671539838
0.9846216168349521
0.9846216168349521
0.9846216168349521
1.027651143654857
1.027651143654857
1.027651143654857
1.027651143654857
1.027651143654857
1.027651143654857
1.027651143654857
1.027651143654857
1.0277136463792522
1.0277136463792522
1.028956650752955
1.028956650752955
1.028956650752955
1.028956650752955
1.028956650752955
0.9820669604678618
0.9820669604678618
0.9820669604678618
0.9820669604678618
0.9820669604678618
0.9895233362185161
0.9895233362185161
0.9895233362185161
0.9895233362185161
0.9895233362185161
0.9895233362185161
0.9895233362185161
0.9895233362185161
0.9895233362185161
0.9895233362185161
0.9895233362185161
1.0076351042481249
0.9806902168995714
0.9936242314037871
0.9936242314037871
0.9936242314037871
0.9936242314037871
0.9936242314037871
0.9960341817147566
0.9787119217941003
0.9787119217941003
0.9920368970628415
0.9920368970628415
0.9920368970628415
0.9920368970628415
0.9920368970628415
0.9920368970628415
1.0017291457526598
1.0017291457526598
1.0017291457526598
1.0017291457526598
1.002125051530737
0.9808576718706887
0.9808576718706887
0.9808576718706887
0.9808576718706887
0.9796660296852553
0.9796660296852553
0.9796660296852553
0.9796660296852553
0.9796660296852553
0.9796660296852553
0.9796660296852553
0.9796660296852553
0.9796660296852553
0.9796660296852553
0.9796660296852553
0.9796660296852553
0.9796660296852553
0.9770871672755546
0.9770871672755546
0.9770871672755546
0.9770871672755546
0.9770871672755546
0.9770871672755546
0.9770871672755546
0.9770871672755546
0.9770871672755546
0.9770871672755546
0.9770871672755546
0.9770871672755546
0.9770871672755546
0.9770871672755546
0.9770871672755546
0.9770871672755546
0.9770871672755546
0.9770871672755546
0.9770871672755546
0.9770871672755546
0.9770871672755546
0.9772151978912156
0.9883788493637822
0.9883788493637822
0.9883788493637822
0.9883788493637822
0.9763788513578713
0.9763788513578713
0.9763788513578713
0.9763788513578713
0.9763788513578713
0.9763788513578713
0.9763788513578713
0.9763788513578713
0.9763788513578713
0.9763788513578713
0.9848952495766818
0.9848952495766818
0.9848952495766818
0.9848952495766818
0.9848952495766818
0.9848952495766818
0.9848972748194667
0.9848972748194667
0.9848972748194667
0.9848972748194667
0.9852576087009932
0.9852576087009932
0.9852576087009932
0.9852576087009932
0.9852576087009932
0.9852576087009932
0.9852576087009932
0.9852576087009932
0.9852576087009932
1.0056539311084511
1.0056539311084511
1.0056539311084511
1.0056539311084511
1.0056539311084511
1.0312873618029836
1.0312873618029836
1.0312873618029836
1.0312873618029836
1.0312873618029836
1.0312873618029836
1.0312873618029836
1.0312873618029836
1.0312873618029836
1.0312873618029836
1.0312873618029836
1.0312873618029836
1.023041879126325
1.023041879126325
1.023041879126325
1.0014395562490843
1.0014395562490843
1.0014395562490843
1.0014395562490843
1.0001135409323003
1.0009315019939176
0.990876352373399
0.990876352373399
0.990876352373399
0.985539026348015
0.985539026348015
0.985539026348015
0.985539026348015
0.985539026348015
0.985539026348015
0.985539026348015
0.985539026348015
0.985539026348015
0.985539026348015
0.985539026348015
0.985539026348015
0.985539026348015
0.985539026348015
0.985539026348015
0.985539026348015
0.985539026348015
0.985539026348015
0.985539026348015
0.985539026348015
0.985539026348015
0.985539026348015
0.9801629000774936
0.9801629000774936
0.9801629000774936
0.9801629000774936
0.9801629000774936
0.9801629000774936
0.9801629000774936
0.9801629000774936
0.9801629000774936
0.9786445837347926
0.9786445837347926
0.9792172053027117
0.9792172053027117
0.9792172053027117
0.9792172053027117
0.9792172053027117
0.9792172053027117
0.9792172053027117
0.9792172053027117
0.9792172053027117
0.979060075689982
0.979060075689982
0.979060075689982
0.979060075689982
0.979060075689982
0.979060075689982
0.979060075689982
0.979060075689982
0.979060075689982
0.992988839352789
0.9984377974110696
0.9984377974110696
0.9984377974110696
0.9984377974110696
0.9984377974110696
0.9984377974110696
0.9984377974110696
0.9984377974110696
0.9984377974110696
0.9984377974110696
0.9918752333778951
0.9918752333778951
0.9918752333778951
0.9918752333778951
1.0163364200476643
1.0163364200476643
1.0108415244751745
1.0108415244751745
0.991941656953587
0.991941656953587
1.0225346334322731
0.994191630409335
0.994191630409335
1.0461322014664594
1.0461322014664594
1.0461322014664594
1.0461322014664594
0.9926860560375403
0.9926860560375403
0.9926860560375403
0.9926860560375403
1.03529723829353
1.0381751256858998
1.0381751256858998
1.0381751256858998
1.0370465458557354
1.0370465458557354
1.0370465458557354
1.0370465458557354
1.0370465458557354
1.0370465458557354
0.991668030808686
0.991668030808686
0.991668030808686
0.991668030808686
0.991668030808686
1.0261761571533856
1.0225496157293088
1.0225496157293088
1.0196206508146217
1.0189794659354008
1.0189794659354008
1.0189794659354008
1.0189794659354008
1.0189794659354008
1.0189794659354008
1.0189794659354008
1.0189794659354008
1.0189794659354008
1.0189794659354008
1.0189794659354008
1.0189794659354008
1.0189794659354008
1.0189794659354008
1.0189794659354008
1.0189794659354008
1.0189794659354008
1.0189794659354008
1.0189794659354008
1.0189794659354008
1.0189794659354008
1.0189794659354008
1.0189794659354008
1.0189794659354008
1.0189794659354008
1.0189794659354008
1.0190961836268988
1.0190961836268988
1.0190961836268988
1.0190961836268988
1.0190961836268988
1.0190961836268988
1.0190961836268988
1.0190961836268988
1.0190961836268988
1.0190961836268988
1.0455405556498283
1.0271475421710894
1.0271475421710894
1.0217108549986735
1.0217108549986735
1.0217108549986735
1.0217108549986735
1.0217108549986735
1.0217108549986735
1.036518288938042
1.020048073778847
1.020048073778847
1.020048073778847
1.020048073778847
1.020048073778847
1.020048073778847
1.020048073778847
1.020048073778847
1.020048073778847
1.020048073778847
1.020048073778847
1.020048073778847
1.020048073778847
1.020048073778847
1.004797285880405
1.004797285880405
1.004797285880405
0.9973300266791658
0.9865656622025465
0.9908172606064594
1.0183788125352051
1.0183788125352051
1.0183788125352051
1.0183788125352051
1.0183788125352051
1.0183788125352051
1.0183788125352051
0.9949137361151599
0.9949137361151599
0.9949137361151599
0.9949137361151599
0.9949137361151599
0.9823422335266215
0.9958754888324395
0.9958754888324395
0.9958754888324395
0.9958754888324395
0.9958754888324395
1.004047898977718
0.9993503486088067
0.9993503486088067
1.0065527142240025
1.0065527142240025
1.0065527142240025
1.0065527142240025
1.0182247150940014
1.0182247150940014
1.0182247150940014
1.0182247150940014
1.0182247150940014
1.0110256674526872
1.0110256674526872
1.0257670135981978
0.9938064446076174
1.039880944363102
1.039880944363102
1.039880944363102
1.039880944363102
1.0171190106299024
0.9964604454315602
0.9964604454315602
0.9964604454315602
0.9768717917577612
0.9768717917577612
0.9768717917577612
0.9768717917577612
0.9768717917577612
0.9768717917577612
0.9768717917577612
0.9768717917577612
0.9768717917577612
0.9833762990867733
0.9773392433365532
0.9773392433365532
0.9773392433365532
0.9773392433365532
0.9773392433365532
0.9773392433365532
0.9773392433365532
0.9773392433365532
0.9773392433365532
0.982151983162473
0.982151983162473
1.0208450592457459
1.0208450592457459
1.0208450592457459
1.0022876459085546
1.0022876459085546
1.0022876459085546
1.0022876459085546
1.0022876459085546
1.0022876459085546
1.0022876459085546
1.0022876459085546
1.0022876459085546
1.0022876459085546
1.0022876459085546
1.0022876459085546
1.0022876459085546
1.0022876459085546
1.0022876459085546
1.0022876459085546
1.0022876459085546
1.0084066758402712
1.0268075944851944
1.0268075944851944
1.0125119131728701
1.0125119131728701
1.0125119131728701
1.0125119131728701
1.0125119131728701
1.0125119131728701
1.0125119131728701
1.0125119131728701
1.0125119131728701
1.022308226303436
1.022308226303436
1.022308226303436
1.022308226303436
1.0181565579362495
1.0181565579362495
1.0382140005375597
1.0382140005375597
1.0382140005375597
1.0382140005375597
1.0260163758070129
1.0260163758070129
1.0260163758070129
1.0260163758070129
1.0260163758070129
1.0260163758070129
1.0260163758070129
1.0260163758070129
1.0260163758070129
1.000563864636657
1.000563864636657
1.000563864636657
1.000563864636657
1.000563864636657
1.0886639092629848
1.0886639092629848
1.0886639092629848
1.0886639092629848
1.0886639092629848
1.0886639092629848
1.0886639092629848
1.0886639092629848
1.0886639092629848
1.0886639092629848
1.0886639092629848
1.1215345978790408
1.1215345978790408
1.0761514695998295
1.1087052599971847
1.1087052599971847
1.1087052599971847
1.1087052599971847
1.1087052599971847
1.1087052599971847
1.1087052599971847
1.1087052599971847
1.1087052599971847
1.1087052599971847
1.1087052599971847
1.1087052599971847
1.1087052599971847
1.1087052599971847
1.1087052599971847
1.1087052599971847
1.1087052599971847
1.120640580567037
1.120640580567037
1.120640580567037
1.120640580567037
1.0605407195333032
1.0605407195333032
1.0605407195333032
1.0605407195333032
1.036375769188556
1.036375769188556
1.0150867234938004
1.0150867234938004
1.040361562319697
1.040361562319697
1.040361562319697
1.040361562319697
1.040361562319697
1.0319618778742843
0.9899812581043619
0.9899812581043619
0.9899812581043619
0.9899812581043619
0.9899812581043619
0.9899812581043619
0.9970158220326966
0.9970158220326966
0.9970158220326966
0.9970158220326966
1.0041131807209682
1.0041131807209682
1.0041131807209682
1.0041131807209682
1.0041131807209682
1.0041131807209682
1.0041131807209682
1.0041131807209682
1.0041131807209682
1.0041131807209682
1.0041131807209682
1.0041131807209682
1.0041131807209682
1.0041131807209682
1.0041131807209682
0.9969668075185836
0.9969668075185836
0.9969668075185836
0.9969668075185836
0.9794904305559786
0.9794904305559786
1.007288679697833
1.007288679697833
1.0415759113867606
1.0452887543753606
1.0452887543753606
1.0452887543753606
1.0452887543753606
1.0452887543753606
1.0452887543753606
1.0163799416788803
1.0163799416788803
1.0163799416788803
1.0163799416788803
1.0163799416788803
1.0163799416788803
0.9872245238879572
0.9872245238879572
0.9872245238879572
0.9872245238879572
0.9872245238879572
0.9872245238879572
0.9872245238879572
0.9872245238879572
0.9872245238879572
0.9872245238879572
0.9872245238879572
0.9872245238879572
0.9772653680184036
0.9927278290933917
0.9912044242519951
0.9912044242519951
0.9912044242519951
0.9912044242519951
0.9912044242519951
0.9912044242519951
0.9953460148423867
0.9953460148423867
0.9953460148423867
0.9953460148423867
1.011856207632199
1.011856207632199
1.011856207632199
1.011856207632199
1.011856207632199
1.011856207632199
1.0156379258270354
0.9995008487168064
0.9795899419639986
0.9769178298785484
0.9769178298785484
0.9769178298785484
0.9769178298785484
0.9769178298785484
0.9769178298785484
0.9769178298785484
0.9769178298785484
0.9769178298785484
0.9769178298785484
0.9769178298785484
0.9778315684554291
0.9778315684554291
0.9778315684554291
0.9860887950847101
0.9860887950847101
0.9912820607380639
0.9912820607380639
0.9912820607380639
0.9912820607380639
0.9912820607380639
1.0239712950679087
1.0239712950679087
1.0324972366209892
1.0324972366209892
1.0324972366209892
1.0324972366209892
1.0324972366209892
1.0258731467745543
1.0258731467745543
1.0258731467745543
1.0258731467745543
1.0154738663346743
1.0154738663346743
1.0154738663346743
1.0154738663346743
1.0154738663346743
1.0157242758930416
1.0157242758930416
1.0157242758930416
1.0157242758930416
1.0157242758930416
1.0157242758930416
1.0157242758930416
1.0157242758930416
0.9884788407653868
0.9884788407653868
0.9884788407653868
0.9884788407653868
0.9781013597533661
0.9781013597533661
0.9883217385594002
0.9871470416839863
0.9871470416839863
0.9858665722877046
0.9858665722877046
0.9858665722877046
0.9858665722877046
0.9858665722877046
0.9858665722877046
1.0592497607511073
1.0592497607511073
1.0592497607511073
1.0054299988477187
1.0054299988477187
1.043853882479381
1.043853882479381
1.043853882479381
1.043853882479381
1.043853882479381
1.0259247960810929
1.0259247960810929
1.0259247960810929
1.0010240220964028
1.0010240220964028
1.0010240220964028
1.0010240220964028
1.0010240220964028
1.0010240220964028
1.0010240220964028
1.0010240220964028
1.0010240220964028
0.9999197337125494
0.9999197337125494
1.004962591767652
1.004962591767652
1.004962591767652
0.9839254873151282
0.9839254873151282
0.9831285745228477
0.9831285745228477
0.9827530513432353
1.0055059566242797
1.0055059566242797
1.0055059566242797
1.0055059566242797
1.0055059566242797
1.0055059566242797
1.0055059566242797
1.0055059566242797
1.0055059566242797
1.0055059566242797
1.0055059566242797
1.002532467057507
1.002532467057507
1.002532467057507
1.002532467057507
1.002532467057507
1.002532467057507
1.002532467057507
0.9765911832484688
0.9765911832484688
0.9765911832484688
0.9765911832484688
0.9765911832484688
0.9765911832484688
1.0155536316500158
1.0155536316500158
1.0155536316500158
1.0155536316500158
1.0155536316500158
1.0155536316500158
1.0155536316500158
1.0155536316500158
1.0155536316500158
0.984758325709591
0.984758325709591
0.984758325709591
0.984758325709591
0.984758325709591
0.984758325709591
0.984758325709591
0.984758325709591
0.984758325709591
0.990505654934944
0.990505654934944
0.990505654934944
0.990505654934944
0.9906628980834054
0.9906628980834054
0.9906628980834054
0.9921170710473513
0.9921170710473513
0.9843159993772608
0.9843159993772608
0.9843159993772608
0.9843159993772608
0.9843159993772608
0.9843159993772608
1.0145652560462786
1.0145652560462786
1.0145652560462786
1.0145652560462786
1.0145652560462786
1.0145652560462786
0.9861755795679243
1.0337574268209617
1.0337574268209617
0.993088028355249
0.993088028355249
0.9951052736859649
0.9951052736859649
0.9982875790455197
0.9982875790455197
1.0168817237630865
1.042268042923081
1.0206689145990793
1.0206689145990793
0.9934716944618817
0.9934716944618817
0.9934716944618817
0.9934716944618817
0.9934716944618817
0.9934716944618817
0.9934716944618817
1.0347049846551544
1.0591043929165065
1.0591043929165065
1.0591043929165065
1.0591043929165065
1.0591043929165065
1.0591043929165065
1.0591043929165065
1.0541246517642298
1.0541246517642298
1.0753731691047888
1.0753731691047888
1.0349558370101535
1.0349558370101535
1.0349558370101535
1.0349558370101535
1.0349558370101535
0.9915663655332917
0.9915663655332917
0.9915663655332917
0.9915663655332917
0.9915663655332917
0.9915663655332917
1.0005078365771884
1.0005078365771884
1.0005078365771884
1.0005078365771884
1.0005078365771884
1.0005078365771884
1.0005078365771884
0.9943319562807262
0.9943319562807262
0.9943319562807262
0.9943319562807262
0.9943319562807262
0.9943319562807262
0.9873504489861233
0.9873504489861233
0.9873504489861233
1.0135901894508739
1.0135901894508739
1.0135901894508739
1.0135901894508739
1.0135901894508739
1.0135901894508739
1.0135901894508739
1.0135901894508739
1.0135901894508739
1.0135901894508739
1.0135901894508739
1.1050716831080623
1.1050716831080623
1.1050716831080623
1.1050716831080623
1.1050716831080623
1.1050716831080623
1.1050716831080623
1.1050716831080623
1.1050716831080623
1.1050716831080623
1.1062063497669423
1.0436383997386427
1.0436383997386427
1.0436383997386427
1.096570816795372
1.053165755811391
1.053165755811391
1.053165755811391
1.007998331683472
1.007998331683472
1.007998331683472
1.007998331683472
1.007998331683472
1.007998331683472
0.9842525615133457
0.9842525615133457
0.9907883088669266
0.9907883088669266
0.9907883088669266
1.0024391181000483
1.0024391181000483
0.9895444864574274
0.9766399996303221
0.9766399996303221
0.9766399996303221
0.9766399996303221
0.9766399996303221
0.9766399996303221
0.9766399996303221
0.9766399996303221
0.9766399996303221
0.9766399996303221
0.9766399996303221
0.9766399996303221
0.9761141470521161
0.9761141470521161
0.9761141470521161
0.9761141470521161
0.9761141470521161
0.9761141470521161
0.9761141470521161
0.9924774372658511
0.9924774372658511
0.9924774372658511
0.9799349307024007
0.9799349307024007
0.9942091942812248
0.9942091942812248
0.9942091942812248
0.9942091942812248
1.0287975976515198
1.0287975976515198
1.0287975976515198
1.0287975976515198
1.0287975976515198
1.0287975976515198
1.0287975976515198
1.0287975976515198
1.0287975976515198
1.0044777955000623
1.0360554596932436
1.0360554596932436
0.9829998950892995
0.9829998950892995
1.0010287916435696
0.9905476906179533
0.9905476906179533
0.9905476906179533
0.9905476906179533
0.9905476906179533
0.9905476906179533
0.9905476906179533
0.9905476906179533
0.9822440674044718
0.982927887719859
0.982927887719859
0.982927887719859
0.982927887719859
0.979094605559038
0.979094605559038
0.979094605559038
0.979094605559038
0.979094605559038
0.9782610652791143
0.9782610652791143
0.9782610652791143
0.9782610652791143
0.9782610652791143
0.9782610652791143
0.9782610652791143
0.9782610652791143
0.9782610652791143
0.9782610652791143
0.9918605059914792
0.9918605059914792
0.9918605059914792
0.9918605059914792
0.9918605059914792
0.9918605059914792
0.9966074506975915
0.9966074506975915
0.9966074506975915
0.9966074506975915
0.9966074506975915
0.9966074506975915
0.9966074506975915
0.9966074506975915
0.9966074506975915
0.9966074506975915
0.9966074506975915
1.0057899214017318
1.016321690542241
1.016321690542241
1.016321690542241
1.0453237403211033
1.0453237403211033
1.0453237403211033
1.0453237403211033
1.0453237403211033
1.0453237403211033
1.0453237403211033
1.0453237403211033
1.052940380829034
1.052940380829034
1.052940380829034
1.052940380829034
1.0524215884246046
1.0524215884246046
1.0816874338195834
1.0603016458378303
1.0374661456622
1.0374661456622
1.0374661456622
1.0374661456622
1.0374661456622
1.0374661456622
1.0626232712722599
1.0626232712722599
1.0626232712722599
1.0626232712722599
1.0626232712722599
1.0626232712722599
1.0295153429993902
1.0386795638363808
1.0386795638363808
1.0386795638363808
1.0386795638363808
1.0386795638363808
1.0386795638363808
1.0386795638363808
1.0386795638363808
1.0386795638363808
1.0247881297474506
1.0247881297474506
1.0247881297474506
1.0240994228911235
1.0240994228911235
1.0573367238257156
1.0058706055950044
0.9839213548720236
0.9839213548720236
0.9839213548720236
0.9839213548720236
0.9839213548720236
0.9861491625134017
0.986921630382266
0.986921630382266
0.986921630382266
0.986921630382266
0.986921630382266
0.9918251551652553
0.9918251551652553
0.9918251551652553
0.9791850838789222
0.9791850838789222
0.9791850838789222
0.9791850838789222
0.9791850838789222
0.9791850838789222
0.9791850838789222
0.9791850838789222
0.9862705314958672
0.9862705314958672
0.9862705314958672
0.9862705314958672
0.9862705314958672
0.9858068947626029
0.9858068947626029
0.9858068947626029
0.9858068947626029
0.9858068947626029
0.9858068947626029
1.0167475752902277
1.0167475752902277
1.0000353540845854
1.0000353540845854
1.0000353540845854
1.0000353540845854
0.9888146929653514
0.9888146929653514
0.9888146929653514
0.9856691698855227
0.9846238935321082
0.9846238935321082
1.0033293389125688
1.0033293389125688
1.0033293389125688
1.0033293389125688
1.0033293389125688
0.9995073750280266
0.9995073750280266
0.9995073750280266
0.9993868835312865
0.9993868835312865
1.0024320719413078
1.0024320719413078
1.0024320719413078
1.0503100831955259
1.0573148480436694
1.0573148480436694
1.0573148480436694
1.0573148480436694
1.0573148480436694
1.0696183885303134
1.0320473832215225
0.9913494189228083
0.9913494189228083
0.9913494189228083
0.9799091524216117
0.9799091524216117
0.9799091524216117
0.9799091524216117
0.9893387492669168
0.9893387492669168
0.9847700045373207
0.9847700045373207
1.002097472722882
1.002097472722882
1.0021406627193712
0.9972982185885856
0.9972982185885856
0.9972982185885856
0.9972982185885856
0.9972982185885856
0.9972982185885856
0.9852750336534413
0.9759017495325033
0.9759017495325033
0.9759017495325033
0.9759017495325033
0.9758839296266233
0.9758839296266233
0.9758839296266233
0.9758839296266233
1.0280188900133336
0.9761376993092037
0.9757172620370205
0.9757172620370205
0.9757172620370205
0.9757172620370205
0.9757172620370205
0.9776962245105425
0.9776962245105425
0.9776962245105425
0.9776962245105425
0.9776962245105425
0.9776962245105425
0.9776962245105425
0.9776962245105425
0.9776962245105425
0.9776962245105425
0.9776962245105425
0.9816545815518347
0.9866438974785163
0.9866438974785163
0.9866438974785163
0.9866438974785163
0.9866438974785163
0.9866438974785163
0.9866438974785163
0.9866438974785163
0.9866438974785163
0.9866438974785163
0.9866438974785163
0.9866438974785163
0.9866438974785163
0.9866438974785163
0.9866438974785163
0.992234585517225
0.992234585517225
0.992234585517225
0.992234585517225
0.992234585517225
0.992234585517225
0.992234585517225
0.992234585517225
0.9903644865354839
0.9903644865354839
0.9903644865354839
0.9903644865354839
0.9903644865354839
0.9938427374669042
1.0160508843730107
1.0160508843730107
1.0247406192447694
1.0247406192447694
1.0247406192447694
1.0247406192447694
1.0247406192447694
1.0247406192447694
1.0247406192447694
1.0247406192447694
1.0247406192447694
1.0247406192447694
1.0247406192447694
1.0247406192447694
1.0356171738275255
1.023678261736286
1.023678261736286
1.0153501150264859
0.9804224607226981
0.9804224607226981
0.9804224607226981
0.9804224607226981
0.9807929269569948
0.9807929269569948
0.9807929269569948
0.9807929269569948
0.9807929269569948
0.9807929269569948
0.9812131678407354
0.9812131678407354
0.9812131678407354
0.9812131678407354
0.9812131678407354
0.9812131678407354
0.9812131678407354
0.9812131678407354
0.9812131678407354
0.9812131678407354
0.9815544423163615
0.9815544423163615
0.9815544423163615
0.9815544423163615
0.9815544423163615
0.9832085423884989
0.9832085423884989
0.9832085423884989
0.9907105548588915
1.040645726341972
1.040645726341972
1.0365360736018567
1.0365360736018567
1.0365360736018567
1.0365360736018567
1.0365360736018567
0.9860318860242415
0.9860318860242415
0.9860318860242415
0.9860318860242415
0.9860318860242415
0.9830720166533216
0.9830720166533216
0.9830720166533216
0.9880294416325386
0.9880294416325386
0.9880294416325386
0.9880294416325386
0.9880294416325386
0.9880294416325386
0.9880294416325386
0.9880294416325386
0.9880294416325386
0.9880294416325386
0.9880294416325386
0.9880294416325386
0.9911140830711265
0.9911140830711265
0.9911140830711265
0.9911140830711265
0.9911140830711265
1.0219588324664082
1.0219588324664082
0.97760906727481
0.97760906727481
0.9787222265951644
0.9787222265951644
0.9787222265951644
0.9787222265951644
0.9787222265951644
0.9787222265951644
0.9787222265951644
0.9787222265951644
0.9787222265951644
0.9787222265951644
0.9787222265951644
1.01022973917675
1.01022973917675
1.01022973917675
1.01022973917675
1.01022973917675
1.01022973917675
1.01022973917675
1.0106496512704064
1.0106496512704064
1.0154821731147647
1.0154821731147647
1.0154821731147647
1.0154821731147647
1.0154821731147647
1.0101215485834327
1.0280697892587651
1.0280697892587651
1.0280697892587651
1.0280697892587651
1.0280697892587651
1.0280697892587651
1.0280697892587651
1.0280697892587651
1.0280697892587651
1.0280697892587651
1.0491473654927437
1.0491473654927437
1.0491473654927437
1.031556943785504
1.031556943785504
1.031556943785504
1.0259719661953555
1.0163905151477115
1.0095520031855543
1.0095520031855543
1.0095520031855543
1.0095520031855543
0.9896109083526385
0.9896109083526385
0.992742868124432
0.992742868124432
0.992742868124432
0.992742868124432
0.992742868124432
0.992742868124432
0.992742868124432
0.992742868124432
0.992742868124432
0.992742868124432
0.992742868124432
0.988003095985085
0.988003095985085
0.988003095985085
0.9886341393781051
0.9886341393781051
0.9886341393781051
0.9886341393781051
0.9886341393781051
0.9886341393781051
0.9886341393781051
0.9886341393781051
0.9886341393781051
0.9886341393781051
0.9823794100224739
0.9823794100224739
0.9823794100224739
0.9823794100224739
0.9823794100224739
0.9823794100224739
0.981487126972697
0.9809786437209944
0.9809786437209944
0.9809786437209944
0.9809786437209944
0.9809786437209944
0.9809786437209944
0.9809786437209944
0.9809786437209944
0.9809786437209944
0.9809786437209944
0.9779749583617748
0.9772349310572848
0.9772349310572848
0.9772349310572848
0.9772349310572848
0.9772349310572848
0.9772349310572848
0.9772349310572848
0.9772349310572848
0.9772349310572848
0.9772349310572848
0.9772349310572848
0.9772349310572848
0.9776554405639104
0.9776554405639104
0.9776554405639104
0.9806527995353697
0.9806527995353697
0.9806527995353697
0.9806527995353697
0.9806527995353697
0.9932776490856502
0.9932776490856502
0.9932776490856502
0.9932776490856502
1.0038408380076898
1.0038408380076898
0.9945672440146354
0.994031335825871
0.994031335825871
0.9803198278926337
0.9803198278926337
0.9803198278926337
0.9803198278926337
0.9803198278926337
0.9803198278926337
0.985906189615795
1.027326958836185
1.027326958836185
1.0206411188814506
1.0206411188814506
1.0218202320221226
1.0218202320221226
0.9891385845690293
0.9891385845690293
0.9891385845690293
0.9891385845690293
0.9879166702791263
0.9879166702791263
0.9879166702791263
0.9879166702791263
0.9879166702791263
0.9879166702791263
0.9879166702791263
0.9937088877232056
0.9937088877232056
0.9937088877232056
0.9937088877232056
1.0055525744492715
0.9824235134976457
0.9844780713711616
0.9844780713711616
1.0303997620827425
1.0303997620827425
1.0303997620827425
1.0303997620827425
1.0303997620827425
1.0303997620827425
1.0267180369797444
1.0304742327699303
1.0304742327699303
1.0502735025556185
1.0502735025556185
0.9862797182927715
0.9862797182927715
0.9862797182927715
0.9862797182927715
0.9862797182927715
0.9862797182927715
0.9772054730121421
0.9772054730121421
0.9775323470294563
0.9775323470294563
0.9775323470294563
0.9775323470294563
0.9775323470294563
0.9840648285333193
0.9840648285333193
0.9840648285333193
0.9840648285333193
0.9840648285333193
0.9840648285333193
0.9840648285333193
0.9840648285333193
0.9764473126950601
0.9764473126950601
0.9809362536141328
0.9818488839205463
0.9818488839205463
0.9818488839205463
0.9818488839205463
0.9818488839205463
0.9823508801723152
0.9823508801723152
0.9823508801723152
0.9823508801723152
0.9823508801723152
0.9823508801723152
0.9789063338023083
0.9789063338023083
0.9788428731317249
0.9788428731317249
0.9781167158978964
0.9781167158978964
0.9785344135203748
0.9801240035179419
0.9766545627046483
0.9766545627046483
0.9796035060865298
0.9796035060865298
0.9796035060865298
0.9796035060865298
0.9796035060865298
0.9796035060865298
0.9796035060865298
0.9796035060865298
0.9796035060865298
0.9796863815155055
0.991985585180373
0.991985585180373
0.991985585180373
1.0010639445807077
0.9764610587981335
0.9895293036620751
0.9844186458108615
0.9844186458108615
0.9844186458108615
0.9844186458108615
0.9844186458108615
0.9844186458108615
0.9844186458108615
0.9844186458108615
0.9844186458108615
0.9844186458108615
0.9844186458108615
1.0880162652371446
0.9872415878338643
0.9872415878338643
0.9872415878338643
0.9916241381653873
0.9916241381653873
0.9916241381653873
0.9916241381653873
0.9916241381653873
0.9916241381653873
0.9916241381653873
0.9916241381653873
0.9916241381653873
0.9916241381653873
0.9916241381653873
0.9916241381653873
0.9916241381653873
0.9866063829825478
0.9880852042964592
0.9880852042964592
0.9880852042964592
0.9880852042964592
0.9880852042964592
0.9880852042964592
0.9948349540148169
0.9948349540148169
0.9948349540148169
0.9948349540148169
0.9948349540148169
0.98068635750005
0.98068635750005
1.110123624586375
1.110123624586375
1.1098975048703685
1.1098975048703685
0.9922754180880784
0.9922754180880784
0.9922754180880784
0.9922754180880784
0.9858253290350556
0.9858253290350556
0.9858253290350556
0.9858253290350556
0.9858253290350556
0.9858253290350556
0.9858253290350556
0.9858253290350556
0.9858253290350556
0.9858253290350556
0.9858253290350556
0.9858253290350556
0.9858253290350556
0.9858253290350556
0.9858253290350556
0.9806635315253625
0.9806635315253625
0.9806635315253625
1.0182641028586987
1.0182641028586987
0.9811460132240221
0.9811460132240221
0.9811460132240221
0.9811460132240221
0.9811460132240221
0.9811460132240221
0.9947095612119217
0.9947095612119217
0.9947095612119217
0.9947095612119217
0.9947095612119217
0.9947095612119217
1.0042331913526494
0.996280853184487
0.996280853184487
0.996280853184487
1.0182082282284854
1.0182082282284854
1.0182082282284854
1.0182082282284854
1.0182082282284854
1.0167961028410193
1.0167961028410193
1.0167961028410193
1.0167961028410193
1.0167961028410193
1.0167961028410193
0.991865510611737
0.991865510611737
0.991865510611737
0.991865510611737
0.9897220084176179
1.011527539018909
1.011527539018909
1.011527539018909
1.011527539018909
1.011527539018909
1.011527539018909
1.011527539018909
0.9808714138976566
0.9808714138976566
0.9808714138976566
0.9808714138976566
0.9780272602191971
0.9780272602191971
0.9780272602191971
0.9788985805964672
0.9788985805964672
0.9788985805964672
0.9844453139145829
0.9844453139145829
0.9844453139145829
0.9844453139145829
0.9844453139145829
0.9844453139145829
0.9844453139145829
0.9844453139145829
0.9831310817301323
0.9831310817301323
1.0260513633159143
1.0260513633159143
1.0260513633159143
1.0260513633159143
1.0260513633159143
1.0260513633159143
1.046046219301457
1.0255875744152996
1.0255875744152996
1.0255875744152996
1.0255875744152996
1.0255875744152996
1.0255875744152996
1.0255875744152996
1.0255875744152996
1.0255875744152996
1.0255875744152996
1.0255875744152996
0.9807961883841193
0.9807961883841193
0.9864706993949042
0.9864706993949042
0.9864706993949042
0.9864706993949042
0.9864706993949042
0.9864706993949042
0.9864706993949042
0.9864706993949042
0.9864706993949042
0.9845409671861296
0.9845409671861296
0.9845409671861296
0.9845409671861296
0.9845409671861296
0.9845409671861296
0.9845409671861296
0.9845409671861296
0.9866812481678333
0.9866812481678333
0.9866812481678333
0.9866812481678333
0.984496333269445
0.984496333269445
0.984496333269445
0.984496333269445
0.984496333269445
0.984496333269445
0.984496333269445
0.984496333269445
0.9902359920310055
0.9902359920310055
0.9902359920310055
0.9796064156526503
0.991512897165423
0.991512897165423
0.991512897165423
1.013495072879584
1.013495072879584
1.013495072879584
1.013495072879584
1.013495072879584
1.054986172152721
1.054986172152721
1.054986172152721
0.9985575496561705
0.9779260355680093
0.9779260355680093
0.9779260355680093
0.9779260355680093
0.9779260355680093
0.9779260355680093
0.9779260355680093
0.9779260355680093
0.9779260355680093
0.990391485081124
0.990391485081124
0.990391485081124
0.990391485081124
0.990391485081124
0.990391485081124
0.990391485081124
0.990391485081124
0.990391485081124
0.990391485081124
0.990391485081124
0.990391485081124
0.990391485081124
0.990391485081124
0.990391485081124
0.990391485081124
0.990391485081124
0.990391485081124
0.990391485081124
0.990391485081124
0.990391485081124
0.990391485081124
0.9940504281817188
0.9940504281817188
0.9940504281817188
0.9940504281817188
0.9940504281817188
0.9907546923859547
0.9907546923859547
1.0040093871664002
1.0040093871664002
1.0040093871664002
1.0040093871664002
1.0040093871664002
1.0040093871664002
1.0040093871664002
0.9958516182281525
0.9958516182281525
0.9958516182281525
0.9958516182281525
0.9958516182281525
0.9958516182281525
0.9958516182281525
0.9958516182281525
0.9958516182281525
0.9958516182281525
0.9939740125514538
0.9939740125514538
0.9939740125514538
0.9939740125514538
0.9939740125514538
0.9785698316619112
0.9783508805803207
0.9926267229936458
0.9926267229936458
0.9926267229936458
0.9926267229936458
0.9915325707743672
0.9915325707743672
0.9823006642357823
0.9814146359027762
0.9814146359027762
0.9814146359027762
0.9814146359027762
0.990753032700666
0.990753032700666
0.990753032700666
0.990753032700666
0.990753032700666
0.990753032700666
0.990753032700666
0.990753032700666
0.990753032700666
0.990753032700666
0.990753032700666
0.990753032700666
0.990753032700666
0.990753032700666
0.990753032700666
0.990753032700666
0.990753032700666
0.990753032700666
0.990753032700666
1.019782732499173
1.019782732499173
1.019782732499173
1.019782732499173
1.019782732499173
1.019782732499173
1.0227596904615874
1.057598858451231
1.0271870386475022
1.0271870386475022
1.101699472845739
1.064830890393398
1.064830890393398
1.064830890393398
1.064830890393398
1.00624593620321
1.004975673566416
1.004975673566416
0.9846288279978967
0.9846288279978967
0.9802514492330335
0.9802514492330335
0.9802514492330335
0.9802514492330335
0.9802514492330335
0.9802514492330335
0.9802514492330335
0.977680710022178
0.977680710022178
0.977680710022178
1.0077998145022014
1.0077998145022014
1.0345212857853214
1.0345212857853214
1.013619757190648
0.9828722606721279
0.9828722606721279
0.9828722606721279
0.9828722606721279
0.9828722606721279
0.9828722606721279
0.9828722606721279
0.9784438522915488
0.9784438522915488
0.9784438522915488
0.9784438522915488
0.9784438522915488
0.9784438522915488
0.9784438522915488
0.9784438522915488
0.9784438522915488
0.9784438522915488
0.9784438522915488
0.9784438522915488
0.9784438522915488
0.9784438522915488
0.9784438522915488
0.9784438522915488
0.9784438522915488
0.9784438522915488
0.9784438522915488
0.9784438522915488
0.9784438522915488
0.9784438522915488
0.9784438522915488
0.9784438522915488
0.9784438522915488
0.977056261711443
0.977056261711443
0.977056261711443
0.977056261711443
0.9777684357055596
0.9777684357055596
0.9774036875625465
0.9774036875625465
0.9774036875625465
0.9774036875625465
0.9774036875625465
0.9774036875625465
0.9774036875625465
0.9774036875625465
0.9774036875625465
0.9774036875625465
0.9774036875625465
0.9774036875625465
0.9959893772252492
0.9959893772252492
0.9959893772252492
0.9959893772252492
1.0474800276795029
1.0474800276795029
0.9932606139212418
1.0117527964063546
1.0117527964063546
1.0117527964063546
0.9934503948953655
0.9934503948953655
0.9934503948953655
0.9934503948953655
1.0119371858832973
1.014211646156863
1.014211646156863
1.014211646156863
1.014211646156863
1.014211646156863
1.014211646156863
1.002247574625415
1.002247574625415
1.002247574625415
1.002247574625415
1.002247574625415
1.002247574625415
1.002247574625415
1.0118651765136244
1.0124576764759985
1.0124576764759985
1.046764032591697
1.046764032591697
0.9949904302167069
0.9824284561616188
0.9824284561616188
0.9851521788314013
0.9851521788314013
0.9973780821650612
0.9973780821650612
0.9973780821650612
0.9973780821650612
0.9973780821650612
0.9889295708693612
0.9889295708693612
0.9889295708693612
0.9889295708693612
0.9889295708693612
0.9889295708693612
0.9889295708693612
0.9889295708693612
0.9889295708693612
0.9889295708693612
0.9889295708693612
0.9889005659269576
0.9889005659269576
0.9782019341062681
0.9991406698035589
1.005664146884014
1.005664146884014
1.005664146884014
1.005664146884014
0.9899082575361611
0.9899082575361611
0.9899082575361611
0.9899082575361611
0.9996865851076795
0.9996865851076795
0.9996865851076795
0.9826326389852758
0.9826326389852758
0.9826326389852758
0.9826326389852758
0.9826326389852758
0.9826326389852758
0.9826326389852758
0.989669360046878
0.989669360046878
0.989669360046878
0.9862303682838687
0.9862303682838687
0.9862303682838687
0.9862303682838687
0.9831306538144443
0.9831306538144443
1.002428223203847
0.9852954624721355
0.9852954624721355
0.9852954624721355
0.9852954624721355
0.9852954624721355
0.9852954624721355
0.9852954624721355
0.9852954624721355
0.9852954624721355
0.9852954624721355
0.9852954624721355
0.9852954624721355
0.9852954624721355
0.9778708393521978
0.9778708393521978
0.9778708393521978
0.9791073141963447
0.9781343693927176
0.9786132489855599
0.9786132489855599
0.9786132489855599
0.9786132489855599
0.9786132489855599
0.9786132489855599
0.9786132489855599
0.992881207934195
0.992881207934195
0.992881207934195
0.992881207934195
0.992881207934195
0.9943599288013609
0.9943599288013609
0.9943599288013609
0.9943599288013609
0.9943599288013609
0.9943599288013609
0.9943599288013609
0.9943599288013609
0.9913535265542488
0.9913535265542488
0.9913535265542488
0.9913535265542488
0.9913535265542488
0.9913535265542488
0.9913535265542488
0.9913535265542488
0.9953209538834809
0.9953209538834809
0.9953209538834809
0.9953209538834809
0.9953209538834809
0.9953209538834809
0.9953209538834809
0.9911306330430433
0.9911306330430433
0.9911306330430433
0.989714824315793
0.989714824315793
0.9918145671307834
0.9918145671307834
1.0330916931035132
1.0330916931035132
1.0330916931035132
1.0330916931035132
1.0330916931035132
0.9767584789342105
0.9767584789342105
0.9767584789342105
0.9767584789342105
0.9767584789342105
0.97941853755648
0.97941853755648
0.97941853755648
0.992925699895219
0.992925699895219
0.992925699895219
0.992925699895219
0.992925699895219
0.9914091213146395
0.9914091213146395
0.9914091213146395
0.9914091213146395
0.9914091213146395
0.9914091213146395
0.9778564254423188
0.9778564254423188
0.9778564254423188
0.9778564254423188
0.9778564254423188
0.9778564254423188
0.9778564254423188
0.9778564254423188
0.9778564254423188
0.9778564254423188
0.9840870420814212
0.9836015672542121
0.985764728528741
0.985764728528741
0.985764728528741
0.9981797910906167
0.9981797910906167
0.9981797910906167
0.9981797910906167
0.9981797910906167
0.9981797910906167
1.0020451369287644
1.0020451369287644
1.0020451369287644
1.0020451369287644
1.0020451369287644
1.0020451369287644
1.0020451369287644
1.0020451369287644
1.0020451369287644
1.0020451369287644
0.994291814438715
0.994291814438715
0.994291814438715
0.994291814438715
0.994291814438715
1.0123627601248102
1.0123627601248102
1.0123627601248102
1.0123627601248102
1.0123627601248102
0.9952000374873735
0.9952000374873735
0.9952000374873735
0.9952000374873735
0.9902194673306239
0.9902194673306239
1.041971901961503
1.003518429593373
1.003518429593373
1.0074740975203444
0.995578536349919
0.995578536349919
0.995578536349919
0.995578536349919
0.995578536349919
0.995578536349919
0.995578536349919
1.010581307846805
1.0452916470732732
1.0452916470732732
1.0452916470732732
1.0452916470732732
1.0452916470732732
1.0452916470732732
1.0253297683589713
1.0253297683589713
1.0253297683589713
1.0253297683589713
1.0028256803630322
1.0028256803630322
1.0028256803630322
1.0028256803630322
1.0028256803630322
1.0028256803630322
1.0028256803630322
0.9805438973256466
0.9767900256549666
0.9775960406925076
0.9775960406925076
0.9775960406925076
0.9775960406925076
0.9796991416592467
0.9796991416592467
0.9796991416592467
0.9796991416592467
0.9796991416592467
0.9796991416592467
0.9796991416592467
0.9796991416592467
0.9796991416592467
0.9796991416592467
0.9796991416592467
0.9793815637110415
0.9793815637110415
0.9793815637110415
0.9793815637110415
0.9793815637110415
0.9793815637110415
0.9793815637110415
0.9793815637110415
0.9793815637110415
0.9793815637110415
0.9793815637110415
0.9793815637110415
0.9793815637110415
0.9793815637110415
0.9793815637110415
0.977748161695982
0.977748161695982
0.977748161695982
0.9796118732317873
0.9832075202901621
0.9832075202901621
0.9832075202901621
0.9822762262747964
0.9822762262747964
1.021640665583008
0.9980599041178475
0.9980599041178475
0.9812991050254076
0.9812991050254076
0.9812991050254076
0.9812991050254076
0.9840851592881275
0.9840851592881275
0.9840851592881275
0.9840851592881275
0.9915442557068634
0.9915442557068634
0.9888243714875988
0.9888243714875988
0.9888243714875988
0.9880810108443445
0.9880810108443445
0.9793592189378462
0.9793592189378462
0.9793592189378462
0.9811161525090042
0.9793227835221513
1.0094450412919078
1.0501215611193822
1.0501215611193822
1.0570324852939057
1.0355662323381887
1.0095698311167092
1.0068325637292928
1.0068325637292928
1.0068325637292928
1.0068325637292928
1.0068325637292928
1.0068325637292928
1.0068325637292928
1.0069069968683837
1.0069069968683837
1.0225236534642197
1.0225236534642197
1.0225236534642197
1.0225236534642197
1.003984068441453
1.003984068441453
1.003984068441453
1.003984068441453
1.003984068441453
1.003984068441453
0.9800672716830588
0.9827006468862458
0.9818443229350075
0.9818443229350075
0.9818443229350075
0.9818443229350075
0.9818443229350075
0.9818443229350075
0.9818443229350075
0.9818443229350075
0.9818443229350075
0.9928097503912277
0.9928097503912277
0.9806175031146815
0.9806175031146815
0.9806175031146815
0.9806175031146815
0.9806175031146815
0.9806175031146815
0.9806175031146815
0.9806175031146815
0.9773814631271939
0.9773814631271939
0.9773814631271939
0.9897550530526007
1.037694654165957
1.037694654165957
1.037694654165957
1.037694654165957
0.9847711394762
0.9847711394762
0.9847711394762
1.0414615342975286
1.0414615342975286
0.9762611185341308
0.9762611185341308
0.9762611185341308
0.9762611185341308
0.9762611185341308
0.9762611185341308
0.9762611185341308
0.9762611185341308
0.9762611185341308
0.9762611185341308
0.9776295304319189
0.9776295304319189
0.9785432062755619
0.9785432062755619
0.9785432062755619
0.9785432062755619
0.9785432062755619
0.9763574389036225
0.9763574389036225
0.9904169371825647
0.9904169371825647
0.9904169371825647
0.9907441991953181
1.0042219659161482
0.9964304789054592
0.9964304789054592
0.9964304789054592
0.9964304789054592
0.9964304789054592
0.9964304789054592
0.9964304789054592
0.9964304789054592
0.9827000644271467
0.9891192157927904
0.9891192157927904
0.9891192157927904
0.9891192157927904
0.9913146670063637
0.9913146670063637
0.9913146670063637
0.9913146670063637
0.9913146670063637
0.9913146670063637
0.9913146670063637
0.9913146670063637
0.9913146670063637
0.9913146670063637
0.9913146670063637
0.9913146670063637
0.9913146670063637
0.9904289566137476
0.9904289566137476
0.9904289566137476
0.9904289566137476
0.9904289566137476
1.0238735842486373
1.0238735842486373
1.0238735842486373
1.0238735842486373
1.0238735842486373
1.0238735842486373
1.0238735842486373
1.0238735842486373
1.0238735842486373
1.0238735842486373
1.0255127275739295
1.0255127275739295
1.0349171083060635
1.0349171083060635
1.064962254106116
1.0253631619506403
1.0468004517200182
1.0468004517200182
1.0468004517200182
1.0468004517200182
1.0468004517200182
1.0468004517200182
1.0468004517200182
1.0468004517200182
1.038967202823278
1.038967202823278
1.038967202823278
1.038967202823278
1.038967202823278
1.038967202823278
1.038967202823278
1.038967202823278
1.038967202823278
1.0245660199005802
0.9847575974131039
0.981473483703241
0.981473483703241
0.981473483703241
0.981473483703241
0.981473483703241
0.981473483703241
0.981473483703241
0.981473483703241
0.981473483703241
1.0031875927090195
1.0293871841036117
1.0293871841036117
1.0293871841036117
1.0293871841036117
1.0293871841036117
1.0293871841036117
1.033880410962949
1.033880410962949
1.033880410962949
1.0493611938383662
1.0493611938383662
1.0493611938383662
1.0493611938383662
0.9946277498311056
0.9946277498311056
0.9946277498311056
0.9946277498311056
0.9946277498311056
0.9946277498311056
0.9946277498311056
0.9946277498311056
0.9946277498311056
0.9946277498311056
0.9796339301946249
0.9949820476519282
0.9949820476519282
0.9949820476519282
1.0017234924745921
1.0025185346620937
1.0025185346620937
1.0025185346620937
1.0025185346620937
1.0025185346620937
0.9823139517272264
0.9823139517272264
0.9823139517272264
0.9823139517272264
0.9823139517272264
0.9823139517272264
0.9823139517272264
0.9982730671614015
0.9982730671614015
0.9982730671614015
0.9982730671614015
0.9982730671614015
1.0146337899159867
1.0146337899159867
1.0146337899159867
1.0146337899159867
0.9915174388431086
0.9915174388431086
0.9915174388431086
0.9915174388431086
0.9915174388431086
0.9915174388431086
0.9915174388431086
0.9915174388431086
0.9915174388431086
1.006709840451162
1.006709840451162
0.9973043480027038
0.9973043480027038
0.9866264319486642
0.9866264319486642
0.9866264319486642
0.9866264319486642
0.9866264319486642
0.9766399742767924
1.0206048489812982
1.0222896840027484
1.0222896840027484
1.0222896840027484
1.0222896840027484
1.0222896840027484
0.9902577270043709
0.9902577270043709
0.9902577270043709
0.9902577270043709
0.9902577270043709
0.9902577270043709
0.9902577270043709
0.9902577270043709
0.9902577270043709
0.9902577270043709
0.9902577270043709
0.9815437530676651
0.9815437530676651
0.9815437530676651
0.9815437530676651
0.9815437530676651
0.9815437530676651
0.9815437530676651
0.9812472949707807
0.9812472949707807
0.9812472949707807
0.9812472949707807
0.9812472949707807
0.9812472949707807
0.9812472949707807
0.9812472949707807
0.9812472949707807
0.9802635544109786
0.9802635544109786
1.0645273486582532
1.0645273486582532
1.0645273486582532
1.0645273486582532
1.0645273486582532
1.0645273486582532
1.0645273486582532
1.0645273486582532
1.0645273486582532
1.0645273486582532
1.0645273486582532
1.0645273486582532
0.9947192662765506
0.9947192662765506
0.9947192662765506
0.9947192662765506
0.9947192662765506
0.9812577554869407
0.9812577554869407
0.9812577554869407
0.9812577554869407
0.9812577554869407
0.9812577554869407
0.9812577554869407
0.9812577554869407
0.9812577554869407
0.9812577554869407
0.9779171696055069
0.9779171696055069
0.9779171696055069
0.9931364812522274
1.0073835555211914
1.0073835555211914
1.0073835555211914
1.0073835555211914
1.0073835555211914
1.0286392165524278
1.0286392165524278
1.0286392165524278
0.9781510964147636
0.9781510964147636
0.9781510964147636
0.9781510964147636
0.9781510964147636
0.9781510964147636
1.0049438469816323
1.016366246255095
1.016366246255095
1.016366246255095
1.016366246255095
1.016366246255095
0.97734658086155
0.97734658086155
0.97734658086155
0.97734658086155
0.97734658086155
0.97734658086155
0.97734658086155
0.97734658086155
0.97734658086155
0.97734658086155
0.97734658086155
0.97734658086155
0.9830931188090957
1.0129760288562402
1.0129760288562402
1.0129760288562402
0.9907291617726321
0.9907291617726321
0.9907291617726321
0.9907291617726321
0.9907291617726321
0.9907291617726321
0.9907291617726321
0.9907291617726321
0.9907291617726321
1.0088614642215312
1.0088614642215312
1.0370241741027517
1.0370241741027517
1.0370241741027517
1.0370241741027517
1.0370241741027517
1.0125088152149784
0.9971688950465596
0.9971688950465596
0.9971688950465596
0.9971688950465596
0.9971688950465596
0.9971688950465596
0.9971688950465596
0.9971688950465596
0.9971688950465596
0.9971688950465596
0.9971688950465596
0.9971688950465596
0.9971688950465596
0.9971688950465596
0.9971688950465596
1.008652656199695
1.008652656199695
1.008652656199695
1.008652656199695
1.008652656199695
1.008652656199695
1.001573624059768
1.001573624059768
1.001573624059768
0.9762704155314502
0.9762704155314502
1.0193170682576087
1.0194747120755694
1.0194747120755694
1.0194747120755694
1.0194747120755694
1.0194747120755694
1.0194747120755694
1.0035123447628336
1.0035123447628336
1.0035123447628336
1.0035123447628336
1.0038914883367955
1.0038914883367955
1.0038914883367955
1.0038914883367955
1.0038914883367955
1.0038914883367955
1.0038914883367955
1.0038914883367955
1.0038914883367955
1.0038914883367955
1.0038914883367955
1.0038914883367955
1.0038914883367955
1.0038914883367955
1.0038914883367955
1.0038914883367955
1.0038914883367955
1.0038914883367955
1.0038914883367955
1.0112801153896411
1.0112801153896411
0.9927137541545237
0.9927137541545237
0.9814929081291203
0.9814929081291203
1.0341017086492872
1.0341017086492872
1.0337435960039123
1.0326096217264515
1.0326096217264515
1.0326096217264515
1.0326096217264515
0.997227778167971
1.0137636173729656
1.0137636173729656
1.0137636173729656
1.0137636173729656
1.0137636173729656
1.0137636173729656
1.0137636173729656
1.0137636173729656
1.0097735268743082
1.0097735268743082
1.0097735268743082
1.0097735268743082
1.0097735268743082
1.0090313496235441
1.0090313496235441
1.0090313496235441
1.0090313496235441
1.0090313496235441
1.0090313496235441
1.0090313496235441
1.0090313496235441
1.0090313496235441
0.9777273345749109
1.0132764875509415
1.0132764875509415
1.000901895682059
1.000901895682059
1.000901895682059
0.9955319713468173
0.9955319713468173
0.9955319713468173
0.9955319713468173
0.9955319713468173
0.9945030023191912
0.9945030023191912
0.9945030023191912
0.9945030023191912
0.9945030023191912
0.9945030023191912
0.9945030023191912
0.9945030023191912
0.9945030023191912
0.9945030023191912
1.0160620893423533
1.0160620893423533
1.0160620893423533
1.0160620893423533
0.9901756954893977
0.9901756954893977
0.9901756954893977
0.9901756954893977
0.9788235603344249
0.9788235603344249
0.9788235603344249
1.0096476562253414
1.0096476562253414
1.0096476562253414
1.0096476562253414
1.0096476562253414
1.0096476562253414
1.0201767831672344
1.0201767831672344
1.0201767831672344
1.032339231406619
1.0066461893266085
1.0066461893266085
0.9830799096626733
0.9830799096626733
0.9861263132327438
0.9781424198006032
0.9781424198006032
1.0216798637517313
1.0216798637517313
1.0216798637517313
1.0216798637517313
0.9914664488181235
0.9914664488181235
0.9914664488181235
0.9914664488181235
0.9914664488181235
0.9914664488181235
0.9914664488181235
0.9914664488181235
0.9910119281378156
0.9910119281378156
0.9910119281378156
0.9910119281378156
0.9968461716184633
1.0034062115099405
1.0034062115099405
1.0034062115099405
1.0034062115099405
1.0034062115099405
1.0034062115099405
1.0034062115099405
1.0034062115099405
1.0034062115099405
1.0034062115099405
1.0034062115099405
1.0034062115099405
1.0034062115099405
1.0068031915070264
1.0068031915070264
1.0068031915070264
0.997441295666484
0.997441295666484
0.997441295666484
0.997441295666484
0.998367288935148
1.02068424460177
1.0254930336961738
1.0254930336961738
1.0254930336961738
1.0228165373701148
1.0228165373701148
1.0228165373701148
1.035051439975397
1.035051439975397
1.035051439975397
1.035051439975397
1.035051439975397
1.021155177616802
1.021155177616802
1.021155177616802
1.021155177616802
1.021155177616802
1.021155177616802
1.021155177616802
1.021155177616802
1.021155177616802
1.021155177616802
1.0853765678105793
1.0853765678105793
1.0853765678105793
1.0853765678105793
1.0853765678105793
1.0853765678105793
1.0853765678105793
1.0866600804163893
1.0866600804163893
1.0866600804163893
0.9838074346334428
0.979243223926175
0.979243223926175
0.979243223926175
0.979243223926175
0.979243223926175
0.979243223926175
1.00647516685264
0.9808821907722323
0.9808821907722323
0.9808821907722323
0.9808821907722323
0.9808821907722323
0.9808821907722323
0.9808821907722323
0.9808821907722323
0.9848405685010448
1.0300019234242543
1.0300019234242543
1.0300019234242543
1.1467132486057436
1.1461992270678818
1.1461992270678818
1.039468476546805
0.9942284684416609
0.9942284684416609
0.9942284684416609
0.9942284684416609
0.9942284684416609
0.9942284684416609
0.9942284684416609
0.9942284684416609
0.9942284684416609
0.9942284684416609
0.9869761496216243
1.0080040795241003
1.0080040795241003
1.0080040795241003
1.0080040795241003
1.0082059916354242
1.0082059916354242
1.0082059916354242
1.0082059916354242
1.0082059916354242
1.0082059916354242
1.0082059916354242
1.0082059916354242
1.0082059916354242
1.0082059916354242
1.0082059916354242
0.9892155567778249
0.9892155567778249
0.9892155567778249
0.9892155567778249
0.9892155567778249
0.9892155567778249
0.9892155567778249
0.9892155567778249
0.9892155567778249
0.9892155567778249
0.9864845714783199
0.9864845714783199
0.9864845714783199
0.9813908671001876
0.9813908671001876
0.9813908671001876
0.9813908671001876
0.9813908671001876
0.9813908671001876
0.9813908671001876
0.9813908671001876
0.9770844229797728
0.9770844229797728
0.9770844229797728
0.9770844229797728
0.9821836820027983
0.9821836820027983
0.9821836820027983
0.9821836820027983
0.9821836820027983
0.9821836820027983
0.9821836820027983
0.9821836820027983
0.9762744155284107
0.9762744155284107
0.9762744155284107
0.9762744155284107
1.0140341544423435
1.0140341544423435
1.0140341544423435
1.0140341544423435
1.0140341544423435
1.0725463037262535
1.0725463037262535
1.0725463037262535
1.0725463037262535
1.0465566568702038
1.0334872524648577
0.9785305779703988
0.9785305779703988
0.9785305779703988
0.9785305779703988
0.9785305779703988
0.9785305779703988
0.9785305779703988
1.0630815210097437
1.0630815210097437
1.0630815210097437
0.9827168790849783
0.9827168790849783
0.9827168790849783
0.9827168790849783
0.9827168790849783
1.0020347119468196
0.9811020481261192
0.9811020481261192
0.9811020481261192
0.9811020481261192
1.0104774853712968
1.0104774853712968
1.0104774853712968
1.0293159560798024
1.0293159560798024
1.0293159560798024
1.0293159560798024
1.0348640493434598
1.011962480181303
0.9955454188172799
0.9955454188172799
0.9955454188172799
0.9955454188172799
0.9955454188172799
1.0039796787383062
1.0039796787383062
1.0039796787383062
1.0039796787383062
1.0039796787383062
1.0039796787383062
1.0039796787383062
1.0039796787383062
1.0039796787383062
0.9963936275355398
0.9963936275355398
0.9963936275355398
0.9963936275355398
0.9963936275355398
0.9963936275355398
0.9963936275355398
0.9963936275355398
0.9963936275355398
0.9963936275355398
0.9973570318027618
0.9973570318027618
0.9973570318027618
0.9989826423909147
0.9989826423909147
0.9989826423909147
0.9989826423909147
0.9989826423909147
0.9896387480395921
1.0332660413676245
1.024513835796092
1.024513835796092
1.028404790176681
1.028404790176681
1.028404790176681
0.9791093068195964
0.9975125999078328
0.9975125999078328
0.9975125999078328
0.9975125999078328
0.9975125999078328
0.9975125999078328
0.981257382790278
0.981257382790278
0.981257382790278
0.981257382790278
0.981257382790278
0.981257382790278
0.981257382790278
0.981257382790278
0.981257382790278
0.9769971584126718
0.9785989496557681
0.9785989496557681
0.9785989496557681
0.9785989496557681
0.9785989496557681
0.9785989496557681
0.9785989496557681
0.9785989496557681
0.9785989496557681
0.9793786456984515
0.9793786456984515
0.9793786456984515
0.9793786456984515
0.9793786456984515
0.9793786456984515
0.9793786456984515
0.9793786456984515
0.9793786456984515
0.9793786456984515
0.9793786456984515
0.9793786456984515
0.9793786456984515
0.9793786456984515
0.9793786456984515
0.9793786456984515
0.9793786456984515
0.9793786456984515
0.9793786456984515
0.9793786456984515
0.9793786456984515
0.9793786456984515
0.9793786456984515
0.9793786456984515
0.9793786456984515
0.9793786456984515
0.9793786456984515
0.9793786456984515
0.9793786456984515
0.9757335456501554
0.9757335456501554
0.9866776155078942
0.9866776155078942
0.9866776155078942
0.9861988027854824
0.9861988027854824
0.9861988027854824
0.9861988027854824
0.9861988027854824
0.9861988027854824
0.9861988027854824
0.9861988027854824
0.9861988027854824
0.9861988027854824
0.9799282030635277
0.9799282030635277
0.9799282030635277
0.9826543317985783
0.979556917752971
0.979556917752971
0.979556917752971
0.979556917752971
0.979556917752971
0.979556917752971
0.979556917752971
0.979556917752971
0.979556917752971
0.979556917752971
0.979556917752971
0.979556917752971
0.979556917752971
0.979556917752971
0.979556917752971
0.979556917752971
0.979556917752971
0.979556917752971
0.9789389471566694
0.9789389471566694
0.9789389471566694
0.9759086557601215
0.9759086557601215
0.9759086557601215
0.9759086557601215
0.9850262777610059
0.9795865765853335
0.9795865765853335
0.9795865765853335
0.9795865765853335
0.9795865765853335
0.9795865765853335
0.9795865765853335
0.9795865765853335
1.0073891099121515
1.0073891099121515
1.0073891099121515
1.007830721518802
1.007830721518802
1.007830721518802
1.0069186448220184
0.9813314069392312
0.9813314069392312
0.9813314069392312
0.9813314069392312
0.9813314069392312
0.9853978219405375
0.9853978219405375
0.9853978219405375
0.9981057025173636
0.9981057025173636
0.9981057025173636
0.9981057025173636
0.986112423015481
0.986112423015481
0.986112423015481
1.0206048392198945
1.0189280048114149
1.0189280048114149
1.0189280048114149
1.0189280048114149
1.0189280048114149
1.0189280048114149
1.0189280048114149
1.0189280048114149
1.0189280048114149
1.0189280048114149
1.0276137515223465
1.0276137515223465
0.9899859635673279
0.9988064083004308
0.9954647337820974
0.9954647337820974
0.9954647337820974
1.0006395847680256
1.0006395847680256
1.0006395847680256
1.0006395847680256
1.0006395847680256
1.0006395847680256
0.9821493226709463
0.9821493226709463
0.9821493226709463
0.9821493226709463
0.9821493226709463
0.9821493226709463
0.9821493226709463
0.9821493226709463
0.9821493226709463
0.9821493226709463
0.9821493226709463
0.9821493226709463
0.9821493226709463
0.9821493226709463
0.9821493226709463
0.9998300779542165
0.9998300779542165
0.9998300779542165
0.9998300779542165
0.9998300779542165
0.9998300779542165
0.9998300779542165
0.9998300779542165
0.9998300779542165
0.9998300779542165
0.9998300779542165
0.9843501027543926
0.9781772245792495
0.9781772245792495
0.9781772245792495
0.9781772245792495
0.9781772245792495
0.9781772245792495
0.9781772245792495
0.9781772245792495
0.9781772245792495
0.9781772245792495
0.9781772245792495
0.9781772245792495
0.9781772245792495
0.9781772245792495
0.9781772245792495
0.982435691541795
0.9777999267862227
0.9777999267862227
0.9948004211830097
0.9977592158506008
1.0220301264712184
1.0220301264712184
1.0220301264712184
1.0220301264712184
1.025278280420126
1.025278280420126
1.025278280420126
1.0241673854128324
1.0584805489513798
1.0584805489513798
1.048860063818711
1.048860063818711
1.048860063818711
1.048860063818711
1.0853504388080086
1.0912948276600114
1.0912948276600114
1.045861423548711
1.045861423548711
0.9943020012552114
0.9943020012552114
0.9807436389535132
0.9807436389535132
0.9807436389535132
0.9807436389535132
0.9807436389535132
0.9807436389535132
0.9807436389535132
0.9807436389535132
0.9807436389535132
0.9807436389535132
1.071113729640424
1.071113729640424
1.071113729640424
1.071113729640424
0.9788385322695075
0.9788385322695075
0.9788385322695075
0.9788385322695075
0.9788385322695075
0.9788385322695075
1.000037310784791
1.000037310784791
1.000037310784791
1.000037310784791
1.000037310784791
1.000037310784791
1.000037310784791
1.000037310784791
1.000037310784791
1.000037310784791
1.000037310784791
1.000037310784791
1.000037310784791
1.000037310784791
1.0361377429744907
1.0361377429744907
1.0361377429744907
1.0361377429744907
1.0361377429744907
1.0361377429744907
1.0361377429744907
0.9958478461489454
0.9958478461489454
0.9958478461489454
0.9958478461489454
0.9958478461489454
0.9958478461489454
1.0792178342491163
1.0792178342491163
1.0801236866251362
1.0801236866251362
1.0801236866251362
1.0882943844674258
1.0882943844674258
1.0882943844674258
1.0882943844674258
1.0882943844674258
1.0829913578768884
1.0829913578768884
1.073910017230919
1.073910017230919
1.073910017230919
1.073910017230919
1.073910017230919
1.073910017230919
1.073910017230919
1.073910017230919
1.073910017230919
1.073910017230919
1.073910017230919
1.0796112265684794
1.0041680686623091
1.0041680686623091
1.0041680686623091
1.0041680686623091
1.0041680686623091
1.0041680686623091
1.0041680686623091
1.0041680686623091
1.0041680686623091
1.0041680686623091
1.0041680686623091
1.0041680686623091
1.0041680686623091
1.0041680686623091
1.0041680686623091
1.0041680686623091
1.0041680686623091
1.0041680686623091
1.0041680686623091
1.0041680686623091
1.0041680686623091
1.0041680686623091
1.0041680686623091
1.0041680686623091
1.0041680686623091
1.0041680686623091
1.0041680686623091
1.0041680686623091
1.0045772555462364
1.0010886496440528
1.0010886496440528
1.00336474132703
1.008093992537507
1.008093992537507
1.0059775265973752
1.0087346322754107
1.0087346322754107
1.0087346322754107
1.0087346322754107
1.0087346322754107
1.0087346322754107
1.0087346322754107
1.0087346322754107
1.0087346322754107
1.0087346322754107
1.0087346322754107
1.0087346322754107
1.0087346322754107
1.0087346322754107
0.9916833786571555
0.9916833786571555
0.9927452736263002
0.9927452736263002
0.9927452736263002
0.9862251798307899
0.9862251798307899
0.9862251798307899
0.9862251798307899
0.9862251798307899
0.9862251798307899
1.001487809302166
1.001487809302166
1.001487809302166
0.9800789402178067
0.9800789402178067
0.9775412186094579
0.9775412186094579
0.9775412186094579
0.9775412186094579
0.9788540292126645
0.9787341270126468
0.9804894748543191
0.9804894748543191
0.9804894748543191
0.9804894748543191
0.9804894748543191
0.9804894748543191
0.9804894748543191
0.9804894748543191
1.0308510318743682
1.0308510318743682
0.9863780127176915
1.0118457149527196
1.0080086275969253
1.0080086275969253
1.0080086275969253
1.0080086275969253
1.0080086275969253
1.024679021351039
1.024679021351039
0.9982887768493862
0.9941297369416979
0.9941297369416979
0.9941297369416979
0.9941297369416979
0.9941297369416979
0.9941297369416979
0.9941297369416979
1.0021817127314994
0.9922016869318184
0.9922016869318184
0.9922016869318184
0.9922016869318184
0.9922016869318184
0.9922016869318184
0.9922016869318184
0.9922016869318184
0.9852609756587772
1.0124039650338734
1.0124039650338734
1.0124039650338734
1.0135653260105715
1.0135653260105715
1.0135653260105715
1.0135653260105715
1.0135653260105715
1.0354391388311015
1.0354391388311015
1.0354391388311015
1.0354391388311015
1.023944937560661
1.023944937560661
1.023944937560661
1.023944937560661
1.0115749174214512
1.0115749174214512
1.0115749174214512
1.0115749174214512
1.056877928504172
1.0241226476613021
1.0241226476613021
1.0615616836581168
1.0638973410387556
1.0638973410387556
1.0596928630453732
1.0596928630453732
1.058397652891507
1.058397652891507
1.058397652891507
1.0615399734141813
1.0437817383161576
0.9898963759579444
0.9898963759579444
0.9898963759579444
0.9898963759579444
0.9898963759579444
0.9898963759579444
0.9898963759579444
0.9898963759579444
0.9898963759579444
1.0162871042231274
1.0162871042231274
1.0162871042231274
1.0162871042231274
1.0162871042231274
0.9770018261881216
0.9770018261881216
0.9770018261881216
0.9770018261881216
0.9770018261881216
0.9770018261881216
0.9770018261881216
0.9854614323318154
0.9854614323318154
0.9854614323318154
0.9854614323318154
0.9854614323318154
0.9854614323318154
0.9854614323318154
0.9854614323318154
0.9854614323318154
0.9854614323318154
0.9854614323318154
0.9854614323318154
0.9854614323318154
0.9854614323318154
0.9854614323318154
0.9854614323318154
0.9854614323318154
0.9854614323318154
0.9854614323318154
0.9854614323318154
0.9854614323318154
0.9854614323318154
0.9854614323318154
0.9854614323318154
0.9854614323318154
0.9854614323318154
0.9854614323318154
0.98832772732935
0.98832772732935
1.0036287548042608
1.0309845962218784
1.0529786290366747
1.0529786290366747
1.0504634359040494
1.0504634359040494
1.0504634359040494
1.0141075506887398
1.0141075506887398
1.0141075506887398
1.0141075506887398
1.0141075506887398
1.0141075506887398
1.012313507079982
1.012313507079982
1.012313507079982
1.012313507079982
1.012313507079982
1.012313507079982
0.9809687661781107
0.9809687661781107
0.9887290848205723
0.9887290848205723
0.9887290848205723
0.9887290848205723
0.9899110203612399
0.9899110203612399
0.9899110203612399
0.9899110203612399
0.9978677061476144
0.9978677061476144
0.9978677061476144
0.9978677061476144
0.9978677061476144
0.9978677061476144
0.9978677061476144
0.9978677061476144
0.9978677061476144
0.9978677061476144
0.9978677061476144
0.9978677061476144
0.9978055900432694
1.017815528909462
1.0004063631009665
1.0004063631009665
1.0004063631009665
1.0004063631009665
1.0004063631009665
1.0004063631009665
1.0004063631009665
1.0004063631009665
1.0004063631009665
0.9950101564157847
0.9950101564157847
0.9950101564157847
1.0008252779419604
1.0008252779419604
1.0221020681534123
1.0221020681534123
1.0221020681534123
1.0221020681534123
1.0221020681534123
1.0221020681534123
1.0221020681534123
1.0221020681534123
1.0221020681534123
1.0221020681534123
1.0221020681534123
1.0221020681534123
1.0190157694976598
1.0190157694976598
1.0190157694976598
1.0190157694976598
1.0190157694976598
1.0204801162719275
1.0204801162719275
1.0405156058815908
1.0405156058815908
1.0130088540052555
1.0184751242876318
1.0184751242876318
1.0184751242876318
1.0184751242876318
1.0184751242876318
1.0184751242876318
1.0184751242876318
1.0184751242876318
1.0184751242876318
1.0184751242876318
1.0184751242876318
1.0199383135758326
1.0199383135758326
1.0199383135758326
0.9761958569362477
0.9857236796756758
1.0297892882627517
1.0297892882627517
1.0297892882627517
1.0297892882627517
1.0297892882627517
0.9983656286399285
0.9983656286399285
0.9983656286399285
0.9983656286399285
0.9983656286399285
0.9983656286399285
0.9983656286399285
0.9983656286399285
0.9983656286399285
0.9983656286399285
0.9840791585420552
0.9840791585420552
1.0001556467452808
1.0001556467452808
1.0001556467452808
1.0001556467452808
1.0001556467452808
1.0001556467452808
1.0001556467452808
0.9840927899478894
0.9840927899478894
0.9840927899478894
0.9840927899478894
0.9840927899478894
0.9840927899478894
1.005421452685806
1.005421452685806
1.005421452685806
1.005421452685806
1.005421452685806
1.005421452685806
1.005421452685806
1.005421452685806
1.005421452685806
0.9781609051314116
0.9781609051314116
0.9781609051314116
0.9781609051314116
0.9781609051314116
0.9792350161237994
0.9792350161237994
0.9792350161237994
0.9792350161237994
0.9792350161237994
0.9792350161237994
0.9767078334533235
0.9770619600957909
0.9770619600957909
0.9770619600957909
0.9770619600957909
0.9770619600957909
0.9770619600957909
0.9768911677078623
0.9777370954478328
0.9777370954478328
0.9777370954478328
0.977920765367404
0.977920765367404
0.9853388597014432
0.9853388597014432
0.9990828424134564
0.9990828424134564
0.9990828424134564
0.9990828424134564
0.9990828424134564
0.9990828424134564
0.9830550853143266
0.9830550853143266
1.0140440372084973
1.0157633626234865
1.0157633626234865
1.0157633626234865
1.022313955759925
1.022313955759925
1.0273580428277196
1.0273580428277196
1.0273580428277196
1.0273580428277196
1.0273580428277196
1.0273580428277196
1.0273580428277196
1.0273580428277196
1.0273580428277196
1.0273580428277196
1.0273580428277196
1.0104097024295013
1.0104097024295013
1.0104097024295013
0.995114450373054
0.995114450373054
0.995114450373054
0.995114450373054
0.995114450373054
0.995114450373054
0.995114450373054
0.995114450373054
0.995114450373054
1.0038518405707193
1.0038518405707193
1.0038518405707193
1.017755819801688
1.017755819801688
1.017755819801688
0.9970001997489795
0.9970001997489795
0.9970001997489795
0.9970001997489795
1.095939175037713
1.095939175037713
1.1041964350451372
1.1041964350451372
1.0667121280124652
1.0644569557793204
0.9988078571474167
0.9988078571474167
0.9988078571474167
0.9988078571474167
0.9988078571474167
0.9988078571474167
0.9906681131524382
0.9906681131524382
0.9812162052554116
0.9812162052554116
0.982853390856198
0.982853390856198
0.982853390856198
0.982853390856198
0.9860643110578873
0.9860643110578873
0.9933226536208085
0.9933226536208085
0.9933226536208085
0.9933226536208085
0.9933226536208085
0.9933226536208085
0.9933226536208085
0.9933226536208085
0.9933226536208085
0.9933226536208085
0.9933226536208085
0.9933226536208085
0.9933226536208085
0.9891910327543161
0.9891910327543161
0.9891910327543161
0.9891910327543161
0.9885710288704097
0.9885710288704097
0.9932354024569411
0.9932354024569411
0.9932354024569411
0.9932354024569411
0.9932354024569411
0.9932354024569411
0.9932354024569411
0.9961022062276332
0.9961022062276332
0.9961022062276332
0.9961022062276332
0.9961022062276332
0.9961022062276332
0.9961022062276332
0.9961022062276332
0.9961022062276332
0.9961022062276332
0.9961022062276332
0.9849750701923567
0.9849750701923567
0.9849750701923567
0.9849750701923567
0.9849750701923567
0.9849750701923567
0.9849750701923567
0.9849750701923567
0.9849750701923567
0.9849750701923567
0.9794377891835515
0.9794377891835515
0.9794377891835515
0.9794377891835515
0.9794377891835515
0.9794377891835515
0.9794377891835515
0.9757182475492793
0.9757182475492793
0.9757182475492793
0.9757182475492793
0.9757182475492793
0.9757182475492793
0.9766435492353749
0.9766435492353749
0.9766435492353749
0.9999751445790788
0.9999751445790788
0.9999751445790788
0.9999751445790788
0.9999751445790788
0.9757194020668796
0.9757194020668796
0.9757194020668796
0.9757194020668796
0.9757194020668796
0.9757194020668796
0.9765685893390728
0.9765685893390728
0.9765685893390728
0.9765685893390728
0.9765685893390728
0.9809563433741318
0.99930043042324
0.99930043042324
0.99930043042324
0.99930043042324
0.99930043042324
0.9983057416962532
0.9983057416962532
0.9983057416962532
0.9983057416962532
0.9983057416962532
0.9761573101257277
0.9761573101257277
0.9761573101257277
0.9761573101257277
0.9761573101257277
0.9761573101257277
0.9857456077818016
0.9857456077818016
0.9857456077818016
0.9857456077818016
0.97594003179988
0.9762338568229108
0.9762338568229108
0.9818320844702842
0.9818320844702842
0.9818320844702842
1.0071726739702382
1.0071726739702382
1.0071726739702382
1.0071726739702382
1.0071726739702382
1.0043102531930475
1.0043102531930475
1.0043102531930475
1.0043102531930475
0.9781751462362234
0.9801426315100104
0.9937253033897673
0.9937253033897673
0.9782964955931751
0.9782964955931751
0.9782951449290429
0.9782951449290429
0.9782951449290429
0.9782951449290429
0.9782951449290429
0.9782951449290429
0.9782951449290429
0.9786650099387868
0.9786650099387868
0.9798345581286505
0.9798345581286505
0.9798345581286505
0.9798345581286505
0.9798345581286505
0.9793608867491501
0.9793608867491501
0.9793608867491501
0.9793608867491501
1.0181959483922691
1.0181959483922691
0.9864943443022114
1.0064357941793647
0.98255936656931
0.98255936656931
0.9871346792874285
1.0012890325913433
1.0012890325913433
1.0012890325913433
0.9864710601434633
0.9873345395737163
0.9873345395737163
0.9873345395737163
0.9873345395737163
1.0221828242121953
1.0221828242121953
1.0221828242121953
1.0221828242121953
1.0221828242121953
1.0221828242121953
0.983666155866337
0.983666155866337
0.9858372755756413
0.9987201826682582
0.9987201826682582
0.9987201826682582
0.9987201826682582
0.9886860859170021
0.9886860859170021
1.0010851853173768
1.0010851853173768
1.0010851853173768
1.0010851853173768
1.0010851853173768
1.0010851853173768
1.0010851853173768
1.0010851853173768
1.0010851853173768
1.0010851853173768
1.0010851853173768
1.0010851853173768
1.0010851853173768
1.0010851853173768
1.0010851853173768
1.0010851853173768
1.0010851853173768
1.0010851853173768
1.0010851853173768
1.0010851853173768
1.0010851853173768
0.9890902491814411
0.9890902491814411
0.9890902491814411
0.998026141038582
0.998026141038582
0.998026141038582
0.998026141038582
1.0156375739804893
1.0156375739804893
1.048914557304648
1.048914557304648
1.048914557304648
1.048914557304648
1.0671932907006716
1.0671932907006716
1.0570244641262823
1.0570244641262823
0.9844318244876933
0.9844318244876933
1.0004043341003837
1.0004043341003837
1.0004043341003837
0.9926534157023147
0.9926534157023147
0.9930805108320929
0.9930805108320929
0.9930805108320929
0.9930805108320929
0.9930805108320929
1.0075727752419277
1.0075727752419277
1.0075727752419277
1.0075727752419277
1.0075727752419277
0.9840058970888641
0.9764016006117724
1.1132681071370834
1.1132681071370834
1.1132681071370834
1.1132681071370834
1.0108377261967743
1.0108377261967743
1.0108377261967743
1.0108377261967743
0.9981615245151649
0.9981615245151649
0.9981615245151649
0.9981615245151649
0.9981615245151649
0.9981615245151649
0.9981615245151649
0.9820105376111243
0.9820105376111243
0.9820105376111243
0.9820105376111243
0.9820105376111243
0.9820105376111243
0.9820105376111243
0.9820105376111243
0.9820105376111243
0.9820105376111243
0.9820105376111243
0.9820105376111243
0.9759852656106061
0.9759852656106061
0.9759852656106061
0.9759852656106061
0.9759852656106061
0.9759852656106061
1.0071488865839857
1.0071488865839857
1.0071488865839857
1.0071488865839857
1.0071488865839857
0.9827900982984226
0.9898592970036595
0.9898592970036595
0.9898592970036595
0.9898592970036595
0.9898592970036595
0.9889925229554168
0.9889925229554168
0.9889925229554168
0.9816547625513279
0.9816547625513279
0.9816547625513279
0.9816547625513279
0.9816547625513279
0.9816547625513279
0.9816547625513279
0.9816547625513279
0.9816547625513279
0.9816547625513279
0.9816547625513279
0.9816547625513279
0.9816547625513279
0.9816547625513279
0.9816547625513279
0.9816547625513279
0.980829136660567
0.9783230655280593
0.9783230655280593
0.9783230655280593
0.9783230655280593
0.986330692204473
0.9821649413559164
0.9821649413559164
0.9821649413559164
0.9821649413559164
0.9821649413559164
0.9821649413559164
0.9821649413559164
0.9884040362210283
0.9884040362210283
0.9884040362210283
0.9884040362210283
0.9884040362210283
0.9884040362210283
0.9884040362210283
0.9884040362210283
0.9884040362210283
0.9884040362210283
0.9928555794391234
0.9928555794391234
0.9928555794391234
0.9928555794391234
0.9928555794391234
0.9928555794391234
0.9928555794391234
1.0032302376470106
1.0032302376470106
1.0032302376470106
1.0032302376470106
1.0032302376470106
1.0032302376470106
1.0139709999882065
1.006358437410594
0.9831844836597047
0.9831844836597047
0.9831844836597047
0.9831844836597047
0.9831844836597047
0.9831844836597047
0.9831844836597047
0.9831844836597047
0.9831844836597047
0.9831844836597047
0.9831844836597047
0.9831844836597047
0.9831844836597047
0.9831844836597047
0.9831844836597047
0.9831844836597047
0.9831844836597047
0.9831844836597047
1.0015306628417844
1.0015306628417844
1.0015306628417844
1.0009562592852699
1.0009562592852699
1.0009562592852699
1.0009562592852699
1.0009562592852699
1.0009562592852699
1.0075159247782102
0.9872883877123534
0.992462054182496
0.992462054182496
0.992462054182496
0.992462054182496
0.992462054182496
0.984222041863333
0.9765505067128015
0.9765505067128015
0.9765505067128015
0.9768191940882924
0.9768191940882924
0.9768191940882924
0.9768191940882924
0.9768191940882924
0.9768191940882924
1.0065637612041665
1.0065637612041665
1.0065637612041665
1.0065637612041665
1.0065637612041665
0.9770951743949721
0.9770951743949721
0.9770951743949721
0.9770951743949721
0.9770951743949721
0.9770951743949721
0.9770951743949721
0.9770951743949721
0.9770951743949721
0.9918149605806076
0.9918149605806076
0.9918149605806076
0.9918149605806076
0.9918149605806076
0.9918149605806076
0.9918149605806076
0.9918149605806076
0.9839722297197329
0.9839722297197329
1.0029680630445053
1.0029680630445053
1.0029680630445053
0.9941051211901405
0.9941051211901405
0.9941051211901405
0.9941051211901405
0.9941051211901405
0.9763334234136363
0.9994803609981195
0.9994803609981195
0.9994803609981195
0.9994803609981195
0.9994803609981195
0.9994803609981195
1.0075056062691732
0.9993869132307146
1.003080959033415
1.003080959033415
0.986482508246659
0.986482508246659
0.986482508246659
0.986482508246659
0.986482508246659
0.986482508246659
0.986482508246659
0.986482508246659
0.986482508246659
0.9956177218617001
0.9956177218617001
0.9956177218617001
0.9956177218617001
0.9956177218617001
0.9956177218617001
0.9956177218617001
0.9874969624086338
0.9961644433925972
0.9961644433925972
0.9891280413677936
0.9891280413677936
0.9891280413677936
0.9891280413677936
0.9891280413677936
0.9891280413677936
1.0003079380610291
1.0003079380610291
1.0003079380610291
1.0003079380610291
1.0003079380610291
0.9950240865236843
0.9760893086172664
0.9760893086172664
0.9760893086172664
0.9760893086172664
0.9858734326327434
0.9858734326327434
0.9858734326327434
0.9858734326327434
0.9858734326327434
0.9858734326327434
0.9858734326327434
0.9858734326327434
1.0003274929889832
1.0003274929889832
0.997033650569866
0.997033650569866
0.997033650569866
0.997033650569866
0.997033650569866
0.997033650569866
0.997033650569866
0.997033650569866
1.0074569728158949
1.0009398789845518
0.9940578405777587
0.9940578405777587
1.0162149008967256
1.0162149008967256
1.0162149008967256
1.0162149008967256
1.0162149008967256
1.0162149008967256
1.0162149008967256
1.0162149008967256
1.0162149008967256
1.0162149008967256
1.0162149008967256
1.0162149008967256
1.0162149008967256
1.0162149008967256
1.0162149008967256
1.0162149008967256
1.0158753961401357
1.019779925066167
1.019779925066167
1.019779925066167
1.019779925066167
1.019779925066167
1.01615444954174
0.9808263476449897
0.9808263476449897
0.9808263476449897
0.9808263476449897
0.9808263476449897
1.024892729129048
1.024892729129048
1.024892729129048
1.024892729129048
1.024892729129048
1.024892729129048
1.0217532248259835
1.0337178299181229
1.0618680923263863
1.0618680923263863
1.0618680923263863
1.0618680923263863
1.0618680923263863
1.051871225866909
1.051871225866909
1.051871225866909
1.051871225866909
0.9972581530460648
0.9972581530460648
0.9972581530460648
0.9972581530460648
0.9972581530460648
0.9972581530460648
0.9972581530460648
0.993933162885434
0.993933162885434
0.993933162885434
1.041039751673573
1.041039751673573
0.9946579204743669
0.9946579204743669
0.9946579204743669
0.9946579204743669
0.9946579204743669
0.9946579204743669
0.994640691937253
0.994640691937253
0.994640691937253
0.994640691937253
0.994640691937253
0.994640691937253
0.994640691937253
0.994640691937253
0.994640691937253
0.994640691937253
0.994640691937253
0.994640691937253
0.994640691937253
0.994640691937253
0.994640691937253
0.994640691937253
0.994640691937253
0.994640691937253
1.0143043519969888
1.0143043519969888
1.0143043519969888
1.0067903771887747
1.0067903771887747
1.0067903771887747
1.0040725890547182
1.0461795878791447
1.0461795878791447
1.0461795878791447
1.0542087561957347
1.0542087561957347
1.0591190537085091
1.151736696465532
1.151736696465532
1.1508024292029897
0.9986695223262056
0.9986695223262056
0.9986695223262056
0.9986695223262056
0.9986695223262056
0.9986695223262056
0.9974482823832587
0.9974482823832587
0.9974482823832587
0.9974482823832587
0.9974482823832587
0.9974482823832587
1.0008801171729413
1.0008801171729413
1.0008801171729413
1.0008801171729413
1.0008801171729413
1.0008801171729413
1.0008801171729413
1.0008801171729413
1.0008801171729413
1.017411304582667
1.017411304582667
1.017411304582667
1.017411304582667
1.017411304582667
1.0140318731467493
1.0140318731467493
1.0140318731467493
0.9898990825657017
0.9898990825657017
0.9898990825657017
0.9898990825657017
0.9871212530829107
0.9871212530829107
0.9871212530829107
0.9871212530829107
0.985404928930502
0.985404928930502
0.985404928930502
0.985404928930502
0.985404928930502
0.985404928930502
0.985404928930502
0.9796831963353771
0.9796831963353771
0.9796831963353771
0.9787786849107791
1.0170654966551123
1.0170654966551123
1.0170654966551123
1.0170654966551123
1.0170654966551123
1.0170654966551123
1.027997300651346
1.027997300651346
1.027997300651346
1.027997300651346
1.0164056721623074
1.0164056721623074
1.0140501969261593
1.0140501969261593
1.0237148478663682
1.0237148478663682
1.0237148478663682
1.0404579901452629
1.0404579901452629
1.0404579901452629
1.0404579901452629
1.0177185421570003
1.0177185421570003
1.0177185421570003
1.0177185421570003
1.0177185421570003
1.0177185421570003
0.9846823644762452
0.9846823644762452
0.9846823644762452
0.9846823644762452
0.9846823644762452
0.9846823644762452
0.9858557509356239
0.9858557509356239
0.9858557509356239
0.9858557509356239
0.9858557509356239
0.9858557509356239
0.9923593641083264
0.9923593641083264
0.9923593641083264
0.9923593641083264
1.0139999809564353
1.0139999809564353
1.0139999809564353
1.0139999809564353
1.0118615986938577
1.0118615986938577
1.024036517424153
1.024036517424153
1.024036517424153
1.0080498931397808
1.0080498931397808
1.0080498931397808
1.0080498931397808
1.0080498931397808
1.0080498931397808
1.0080498931397808
1.0080498931397808
1.0080498931397808
1.0080498931397808
1.0080498931397808
1.0080498931397808
1.0080498931397808
0.9982696480207968
1.0072837798028549
1.0072837798028549
1.0072837798028549
1.0072837798028549
0.9901709567377568
0.9901709567377568
0.9901709567377568
0.9901709567377568
0.9901709567377568
0.9901709567377568
0.9834372338033345
0.9834372338033345
0.9834372338033345
0.9834372338033345
0.9834372338033345
0.9834372338033345
0.9799829821427338
0.9799829821427338
0.9799829821427338
1.0128327513881485
1.0153799294563934
1.0153799294563934
1.0153799294563934
1.0153799294563934
1.0153799294563934
0.984303935371601
0.984303935371601
0.984303935371601
0.984303935371601
0.984303935371601
0.984303935371601
0.984303935371601
0.9805903947678709
0.9763611710130795
1.0134812566267764
1.0134812566267764
1.0134812566267764
1.0134812566267764
1.0134812566267764
1.0116640324216148
1.0116640324216148
1.0116640324216148
1.0116640324216148
1.0116640324216148
1.0116640324216148
1.0116640324216148
0.9803103621392957
0.9803103621392957
0.9803103621392957
0.9804992237790746
0.9804992237790746
1.003492517388341
0.9784241717068047
0.9854029075572786
0.9854029075572786
0.9854029075572786
0.9854029075572786
0.9854029075572786
0.9854029075572786
0.9854029075572786
0.9854029075572786
0.9854269036552785
0.9854269036552785
0.9854269036552785
0.9854269036552785
0.9951625994807289
0.9951625994807289
0.9951625994807289
0.9951625994807289
0.9951625994807289
0.9951625994807289
0.9951625994807289
0.9951625994807289
0.9951625994807289
0.9951625994807289
1.0041278915847094
1.0041278915847094
1.0041278915847094
1.0041278915847094
1.0041278915847094
0.984827789709007
1.0604185126716439
1.0604185126716439
1.0036619636123922
1.0036619636123922
1.0036619636123922
1.0036619636123922
1.0036619636123922
1.0036619636123922
1.0036619636123922
0.9773073034856627
0.9773073034856627
0.9773073034856627
0.9770929938973035
0.9770929938973035
0.9770929938973035
0.9770929938973035
0.9770929938973035
0.9770929938973035
0.9771698587647317
0.9771698587647317
0.9771698587647317
0.9771698587647317
0.9771698587647317
1.0180363678128799
1.0180363678128799
1.0459887057628274
0.9846211628377274
0.9971413441728796
0.9971413441728796
0.9971413441728796
0.9971413441728796
0.9971413441728796
0.9971413441728796
0.9971413441728796
0.9783539492355402
0.9783539492355402
0.9783539492355402
0.9774356772147473
0.9774356772147473
0.97681171077318
0.97681171077318
0.97681171077318
0.97681171077318
0.97681171077318
0.97681171077318
0.97681171077318
0.97681171077318
1.0120985371751576
1.0120985371751576
1.0120985371751576
1.0120985371751576
1.0120985371751576
1.0120985371751576
0.9787337882573167
0.9787337882573167
0.977514281674452
0.977514281674452
0.977514281674452
0.977514281674452
0.977514281674452
0.977514281674452
0.977514281674452
0.977514281674452
0.977514281674452
0.9877912810084799
0.9877912810084799
0.982616507814027
0.982616507814027
0.9775184962176131
0.9775184962176131
0.9775184962176131
0.9775184962176131
0.9775184962176131
0.9775184962176131
0.9775184962176131
0.9775184962176131
1.009224569332526
1.009224569332526
0.9824107505637032
0.9824107505637032
0.9779444582570831
0.9779444582570831
0.9779444582570831
0.9779444582570831
0.997763233960997
0.997763233960997
0.997763233960997
0.997763233960997
0.997763233960997
0.997763233960997
0.997763233960997
0.997763233960997
0.983319521984032
0.983319521984032
1.014740760919246
1.014740760919246
1.014740760919246
1.0019425923632916
1.0019425923632916
1.0019425923632916
0.9837969050919928
0.9837969050919928
0.9837969050919928
0.9837969050919928
0.9837969050919928
0.9837969050919928
0.9837969050919928
0.9837969050919928
0.9837969050919928
0.979096051099051
0.979096051099051
0.979096051099051
1.1495930100681364
1.1495930100681364
1.1495930100681364
1.1495930100681364
1.1495930100681364
1.1495930100681364
1.1495930100681364
0.9779791119935821
0.9779791119935821
0.9779791119935821
0.9779791119935821
0.9779791119935821
0.9779791119935821
0.9779791119935821
0.9779791119935821
0.9775971224597253
0.9775971224597253
0.9775971224597253
0.9775971224597253
0.9775971224597253
0.9775971224597253
1.048502437843263
1.048502437843263
0.9981475612720514
0.9981475612720514
1.0265062366055242
1.0265062366055242
1.026300980565812
1.026300980565812
1.026300980565812
1.026300980565812
1.026300980565812
1.026300980565812
1.026300980565812
1.026300980565812
1.026300980565812
1.026300980565812
1.026300980565812
0.9883772563895304
0.9883772563895304
0.9883772563895304
0.9883772563895304
0.9883772563895304
0.9883772563895304
0.9883772563895304
0.9883772563895304
0.9883772563895304
0.9883772563895304
0.9883772563895304
0.9883772563895304
0.9883772563895304
0.9771283091409917
0.9771283091409917
0.9771283091409917
0.9771283091409917
0.9771283091409917
0.9772638891761971
0.9772638891761971
0.9769589800304013
0.9775110957177975
0.9775110957177975
0.9775110957177975
0.9775110957177975
0.9842401801539782
1.055498737900245
1.055498737900245
0.9788190783010261
0.9788190783010261
0.9788190783010261
0.9788190783010261
0.978033768135504
0.9827953216096327
0.9827953216096327
0.9827953216096327
0.9827953216096327
0.9938322262496717
0.9838973019422703
0.9838973019422703
0.9838973019422703
0.9838973019422703
0.9838973019422703
0.9852895079000509
0.9852895079000509
0.9852895079000509
0.9852895079000509
0.9852895079000509
0.9852895079000509
0.9852895079000509
0.9852895079000509
0.9852895079000509
0.9852895079000509
0.9852895079000509
0.9806961676589987
0.9806961676589987
0.9806961676589987
0.9806961676589987
1.0503924018729478
1.0503924018729478
1.0503924018729478
1.0503924018729478
1.0280381250630959
1.0280381250630959
1.0280381250630959
1.0280381250630959
1.0280381250630959
1.0280381250630959
1.0280381250630959
1.0280381250630959
1.031885203206125
1.0279902943995136
1.0279778059743498
1.0279778059743498
1.0279778059743498
1.0279778059743498
1.0279778059743498
1.0279778059743498
1.0279778059743498
1.0279778059743498
1.0304543843943836
1.0304543843943836
1.0304543843943836
1.0304543843943836
1.0304543843943836
1.0304543843943836
0.9892778367870814
0.9892778367870814
0.9892778367870814
0.9892778367870814
0.9892778367870814
0.9869681847609122
0.9996389083767232
0.9996389083767232
0.9996389083767232
0.9996389083767232
0.9996389083767232
0.9996389083767232
0.9996389083767232
0.9996389083767232
0.9996389083767232
0.9996389083767232
0.9996389083767232
0.9856722533115656
0.9856722533115656
1.0157154608536492
0.9880253364881497
0.9880253364881497
0.9880253364881497
0.9880253364881497
0.9880253364881497
0.9880253364881497
0.9880253364881497
0.9793651663122696
0.9793651663122696
0.9793651663122696
0.9793651663122696
0.9793651663122696
0.9793651663122696
0.9793651663122696
0.98292546610889
0.98292546610889
0.98292546610889
0.98292546610889
0.98292546610889
0.98292546610889
0.98292546610889
0.986930524311621
0.986930524311621
0.986930524311621
0.986930524311621
0.977849999522231
0.977849999522231
0.977849999522231
0.977849999522231
0.977849999522231
0.977849999522231
0.9765963807073869
0.9765963807073869
1.0150481069024189
1.0150481069024189
1.0180614590156518
1.0180614590156518
1.0180614590156518
1.0180614590156518
1.0180614590156518
1.0180614590156518
1.0180614590156518
1.0180614590156518
1.0180614590156518
1.0180614590156518
0.9975153834989323
0.9975153834989323
0.9975153834989323
0.9975153834989323
0.9975153834989323
0.982882626033061
0.9956721319655336
0.9956721319655336
0.9956721319655336
0.9956721319655336
1.0188480807994784
1.0188480807994784
1.0188480807994784
0.9882273184984335
0.9882273184984335
0.9882273184984335
0.9885063486521748
0.9758816786594583
0.9758816786594583
0.9758816786594583
0.9758816786594583
0.9758816786594583
0.9758816786594583
0.9758816786594583
0.9758816786594583
0.9758816786594583
0.9758816786594583
0.9758816786594583
0.9758816786594583
0.9758816786594583
0.9758816786594583
0.9758816786594583
0.9758816786594583
1.0050137973381503
1.0050137973381503
1.0050137973381503
1.0050137973381503
1.0050137973381503
1.0050137973381503
1.0050137973381503
1.0050137973381503
1.0050137973381503
1.0050137973381503
0.9762135872893969
0.9762135872893969
0.9762135872893969
0.9762135872893969
0.9762135872893969
0.9762135872893969
0.9773034843220938
0.9773034843220938
0.9773034843220938
1.0096283745547858
1.0096283745547858
1.0049092727580078
1.0049092727580078
1.0049092727580078
1.0049092727580078
1.0049092727580078
1.0049092727580078
1.0049092727580078
1.0049092727580078
1.0049092727580078
1.0049092727580078
1.0049092727580078
1.0049092727580078
1.0049092727580078
1.0049092727580078
1.0049092727580078
0.9757256357809582
0.9757256357809582
0.9757256357809582
0.9757256357809582
0.9757256357809582
0.9883062419246376
0.9883062419246376
0.9766456821383899
0.9766456821383899
0.9766456821383899
0.9766456821383899
1.036706851971575
1.036706851971575
1.036706851971575
1.036706851971575
1.0309256500306836
1.0309256500306836
1.0597119859398343
1.0597119859398343
1.0597119859398343
1.0597119859398343
1.0597119859398343
1.0597119859398343
1.0597119859398343
1.0597119859398343
1.03012262575688
1.03012262575688
1.03012262575688
1.03012262575688
1.0309807933504982
