sigma=1.0 time=629.1330001354218 importance_sampling_step_length=0.5 num_mc_iterations=1000000
3.345273715891376
3.3162915641335187
3.2993271252754792
3.276742867038671
3.2628882614792785
3.2528701747135638
3.238970867289463
3.2371067889413396
3.226451885772156
3.227618369788581
3.220319370157795
3.2215605283442073
3.221459811814068
3.211952553022996
3.2110998259107726
3.2216003627030525
3.2147586263948162
3.205227646421025
3.20380918660786
3.2065551463882107
3.2129132997959826
3.206485145005187
3.20215037450522
3.20754987765446
3.2044027292091717
3.2006237181949646
3.2010773150620424
3.2018703318852246
3.198565219213262
3.1998361502233332
3.1972397023066925
3.1984895487791367
3.186889005129215
3.187203247921215
3.192776050871733
3.1890766240720136
3.185297636598982
3.187742644939493
3.186918225907249
3.1823558185064855
3.182956178218152
3.184629632275779
3.1847177308081474
3.1842652234180635
3.1890923401228792
3.181231531961555
3.179025259533183
3.1786258693907286
3.179942243907151
3.173191287524208
3.1771966386048915
3.1742163361753626
3.174398247124836
3.1708611837995
3.175307608538024
3.172531233551579
3.1745493626562364
3.168846855265691
3.171174520621064
3.1668420939022557
3.1679506245913704
3.1750011420175306
3.1651254707627676
3.1648694274157196
3.1641971261056003
3.1685216342642857
3.1677783050628
3.1553034022615782
3.1577191820546417
3.1604403905271146
3.1567406556196946
3.159552271305108
3.1575518902143824
3.156522854672836
3.1557977577441148
3.1605137076463876
3.1498295309863944
3.163722144269574
3.1508944958505807
3.1494019669921527
3.1488428851413737
3.1513611678369564
3.1531332227392044
3.1546331730573254
3.144557091839632
3.1437309614969218
3.140272984653863
3.1428180407355693
3.144481877420927
3.1431210391058912
3.1411921477513043
3.1398137350660087
3.138970446040687
3.141965191754649
3.141250898731495
3.138863639275882
3.1334856050898567
3.1395341353660435
3.132824173793701
3.1362097503237814
3.1310156686698503
3.1321904736524084
3.1279821818572366
3.128710913204296
3.1285800356901827
3.1258214581719854
3.127739520625036
3.123093075006176
3.1236251653648415
3.126601621189644
3.121144445857713
3.1236150429606795
3.119966137301704
3.119948741383115
3.1229799689373543
3.1211291753760895
3.1188165554902834
3.11587864426046
3.1226159119304966
3.114719062792275
3.117330950349452
3.1150026397975843
3.117191441221944
3.1163235408020866
3.1144495904214695
3.1110268596818274
3.1183680025848246
3.112758158117592
3.1105546991790582
3.1072526868984003
3.1088690978180944
3.1098431282167533
3.105064779231666
3.1048711645569793
3.1063815598996847
3.112294445264174
3.109093872174103
3.10528025353869
3.104187212623362
3.1077445890259856
3.1005956576491194
3.1070261413492144
3.0969637617957906
3.099530675856764
3.1012931278762244
3.1015796308929886
3.095219156418242
3.100457337505868
3.098214023328136
3.1000026170316017
3.0942533318139422
3.0982048145624845
3.0986299259287295
3.0976495068833048
3.09257102544864
3.096951821759815
3.095390020995496
3.0988439229425153
3.092790915624244
3.0935305508836737
3.094212198980178
3.0938226441142787
3.0911086119001823
3.0965369305118697
3.0960731138919915
3.088603402219034
3.0932658733179377
3.092510586472805
3.0938105695850564
3.0904072622818552
3.0925203282698037
3.0939501401837557
3.0861820008387633
3.0993374604227326
3.0843145164202035
3.0903782607431043
3.0895530030261757
3.0903639404785275
3.0891347140973036
3.085815474402627
3.0887626754938484
3.0942524691721163
3.0890189010379485
3.0837388012825597
3.089339809304512
3.0873733271184376
3.0880954412447577
3.08260291575514
3.0940007978181123
3.0884840212946503
3.0865611530056483
3.0886129230336725
3.08563879453989
3.086566108446157
3.0878612671764802
3.089880866627047
3.0848441784051546
3.087553624715684
3.09251295042624
3.086098837622348
3.0846273654577483
3.087807878817394
3.0893282655574392
3.085518605642341
3.088142980650249
3.083094947814242
3.0827231685531826
3.087641102339868
3.0865270122353805
3.0872164490328653
3.0875127553228596
3.086964041632923
3.0881381240653645
3.084871189021266
3.08484239044027
3.087798780181508
3.087077519794121
3.0851948367187476
3.087000057487603
3.0897399053224786
3.087016832186014
3.0866354588821308
3.0838450019787396
3.085184124948049
3.08665315775456
3.087093766192575
3.0870446565061544
3.086043941689729
3.0861639031203723
3.087288656039464
3.0888788975653854
3.089195801108101
3.0884217692465277
3.0812759311015414
3.08474131082296
3.086567108893463
3.081038830932399
3.0841860387337108
3.0857952414217493
3.087936560472377
3.084708321876294
3.0868760981789762
3.084849473398435
3.0871195251930827
3.081996160665554
3.0817371510140488
3.082992788243042
3.088949655149271
3.091277421539239
3.0842052894888905
3.0888672576159677
3.0851514868125025
3.0834888010499415
3.0811945322727743
3.0850851726483817
3.0817352029627214
3.08843886366028
3.0845004393969915
3.0848182050465818
3.0850915991169363
3.086385043059602
3.088459042813793
3.083442064403693
3.0869599007532287
3.0871552791847927
3.084152943344461
3.086065120644217
3.0811879094836687
3.0869132656708826
3.089212119975869
3.0846736775020687
3.0871422308837966
3.0829031934441353
3.086810635689594
3.087544007500175
3.0862456859487533
3.08828810769843
3.0846256657084927
3.086860134323121
3.087607722317374
3.084423887187886
3.084179176479563
3.0845607732183864
3.083188986788384
3.0887375910937283
3.0875810769360936
3.086256335310395
3.0856177898457973
3.0869435949114115
3.0849390194541773
3.0832833519584066
3.085331791183742
3.088632671728495
3.0913209436368145
3.083355518865596
3.086820024619071
3.0843255085236194
3.0844277041679726
3.0816971872314696
3.0849458721580914
