sigma=1.0 time=530.9660000801086 importance_sampling_step_length=0.5 num_mc_iterations=1000000
3.3363108561980077
3.3327296249178464
3.3375910649497116
3.3333047676740297
3.3343602811157114
3.330106531036314
3.319508287978736
3.3334364154869927
3.3141745169456795
3.322938659669263
3.3211877214335668
3.3172232226161187
3.324649578083462
3.3174038522849574
3.3127471857262187
3.3088075374137262
3.315651711627409
3.312355019647197
3.31499417416962
3.31182101356361
3.311004152539719
3.305129491945868
3.303518785955236
3.2998067862236407
3.302807700055147
3.3063057758388905
3.3042908422265724
3.305234677053793
3.2983379292458905
3.3020577567488854
3.299052826630846
3.3006036472929208
3.295830561806836
3.293434507714049
3.2940224294536913
3.294265184902608
3.2858421396599304
3.290420251198991
3.2938923992979654
3.2853174167988723
3.2864044112853463
3.2880934778042166
3.2812038928920417
3.2873261221934564
3.28653934650341
3.285408940521882
3.2912876812822858
3.2888292955281044
3.2839136242547826
3.2801831344422125
3.276221808497604
3.2795410939378136
3.2829658390548255
3.2806594398734683
3.279294868154585
3.279154478216499
3.2806991989377887
3.2753414919277986
3.2744365629744006
3.2775308728001944
3.273533130625851
3.276594398413418
3.2688170441137054
3.283558100622171
3.2774003163564056
3.273353647387109
3.270831324147719
3.2704380370036263
3.2708283975093986
3.2697272065500482
3.2667443076629477
3.271028538161201
3.2725920731510474
3.266970252156471
3.266269502078507
3.2736433799778535
3.272491791213721
3.267101827571285
3.262122085005293
3.268188078657105
3.26674248156666
3.2655920324450016
3.258672048831696
3.268840486305293
3.267651206647384
3.2662684813529426
3.2656076639269225
3.265707034935897
3.2624518620977296
3.264079596853222
3.2633362932082437
3.2720397188442485
3.2600413062380325
3.2695939402054783
3.257680693414499
3.2658158478520485
3.2664821532650876
3.2624060863802713
3.265670856998504
3.258858262971184
3.260482648383296
3.2557127258835945
3.259567934348727
3.2572181535199745
3.261191733533229
3.2571890657345106
3.252166953533587
3.258976792853386
3.2551199361201957
3.254836210090449
3.2535294420171796
3.246094604724374
3.250267028891815
3.254715915753954
3.2550385482454645
3.245840445831175
3.252738345245907
3.2517621690227716
3.249072243035414
3.2491468075311936
3.2511858333257218
3.251769954419578
3.2531449062291258
3.255578519413942
3.259999647509491
3.2526617181362774
3.249153504457386
3.2484903671501804
3.2463087786000684
3.2516156902083826
3.249301759568863
3.2461518881021547
3.2558328093624445
3.2481230458241335
3.2551274636296466
3.2537728869199283
3.2490272931363067
3.243699712603656
3.248850067964804
3.25506134725792
3.25526729158721
3.246336658620495
3.250042111206725
3.243025935873774
3.246597288840656
3.2444528095272998
3.2518563249887134
3.2484880014621416
3.24769861615287
3.2449816412986685
3.2438449395345637
3.2490260914799043
3.258226150565531
3.24400091835892
3.2470467482172314
3.244156776707131
3.2486154282209765
3.250038583874134
3.242246440534087
3.2433834438163296
3.2505809910303207
3.238103262983034
3.246212944041601
3.251443501185567
3.2453147041343593
3.2440290000777376
3.243565150980376
3.249008521906352
3.243298063646002
3.2466907412207044
3.2434873956801527
3.245769274710041
3.2441783772506043
3.2394363435045848
3.2438041829080446
3.2476525713203173
3.242492388116849
3.2429339619459943
3.2421007746808774
3.2502655350533383
3.241909649189926
3.237539495202645
3.2403643090584238
3.2366291348916096
3.2572153368697596
3.24288442389305
3.240526195822385
3.2385883359008365
3.2471486664327496
3.249221490236141
3.2389189461458976
3.2386047769665773
3.23927251675031
3.239692414774912
3.237183833731804
3.239982954424776
3.2483850116887982
3.2435090383509007
3.2367063822944795
3.242939174099014
3.2370138574531007
3.240790919259498
3.23918734695894
3.2353585792220456
3.2378918689849523
3.238557075135894
3.240036303391241
3.2422558186108645
3.2351849245693587
3.2322009480001666
3.246590334441053
3.2453482145036223
3.240742315112065
3.2455028941503943
3.243613997177438
3.240523888753925
3.236412933081554
3.242066727395828
3.238114326393055
3.2364706564073327
3.2385333282592734
3.2389535932616353
3.242003828386388
3.2382200160915757
3.2405943760523295
3.241110641991314
3.2341298004847854
3.235593882654245
3.243100245779226
3.235817606070235
3.239441873423085
3.2393293576178244
3.238697333068694
3.244927217669471
3.2429315769265328
3.234048982520186
3.2420382335801947
3.2412384786223503
3.235256085759118
3.2402454392135915
3.238320445966751
3.239064816742686
3.2429402107175522
3.2357088343308007
3.239194726857539
3.238639258254449
3.2336957802304607
3.240282289756042
3.237700582156527
3.233931580373088
3.236626326287478
3.2421850790507767
3.2371955748057677
3.2380665030522255
3.2395931472749
3.239326894362099
3.236710949478152
3.2448240329496087
3.232922262376996
3.2364326473565574
3.2439961205288754
3.235918820920763
3.2365004014201055
3.2388839260275906
3.2347365785986875
3.23451068552173
3.241856216315081
3.2392943678838635
3.23983460754349
3.2417435652674436
3.239960239412198
3.232311537516137
3.22875512752466
3.239126863772696
3.2411032282132735
3.241218500242633
3.233577355373749
3.2395479336550514
3.2420371304893676
3.2296287685956266
3.2361938506581582
3.233721895158836
3.237994094828098
3.2367156907337082
3.239922731258624
3.235914989383188
3.232103133469073
3.2347543565557877
3.2310658525712963
3.2327989177920373
3.240464828631001
3.237340356627325
3.233460980377411
3.2330607654409436
3.23654299649379
3.2383765662426542
3.2369819377672147
3.2367677990720125
3.231380742089259
3.236084834897671
