sigma=1.0 time=549.0369999408722 importance_sampling_step_length=0.5 num_mc_iterations=1000000
3.3363108561980077
3.3171911986845823
3.3127821940249644
3.2961740255218337
3.2936031036062032
3.2801323929378006
3.2660465621912245
3.272480435884032
3.25520454507467
3.262369149697561
3.2605649133758314
3.2485874756023505
3.2530784597327473
3.2536304191084504
3.2421590062345547
3.244834605833976
3.244609889483311
3.2461608302943334
3.2486691593666417
3.241287421080916
3.239727952868162
3.238487936027575
3.2376214817510918
3.240490242257671
3.2335467159524414
3.234756813682481
3.2369244663242225
3.248772790393854
3.2369290762066054
3.234700930413628
3.237863561991287
3.237911252354353
3.2327476880175965
3.2339630025225627
3.237623340773855
3.2371177061617473
3.2228200492738326
3.2327478656019597
3.2329305770263486
3.2247992039673687
3.229224991451638
3.2263964721961833
3.2228342172648348
3.228818694697667
3.2304901926130833
3.2258233546342954
3.2321074969030064
3.2314173155299364
3.2294567269748797
3.228259004057701
3.222856616101993
3.2262708262712647
3.229291994879846
3.2228245232655364
3.223924748080286
3.2243848509410338
3.2337769607257107
3.218720619444734
3.220413146440019
3.227340374383798
3.222068438603059
3.217142484054512
3.217483870930376
3.2196771236481383
3.2193985697291754
3.2193542046524977
3.219248445449969
3.2211044340773207
3.217225843019344
3.221253175299737
3.213720054021382
3.2159121787362723
3.2205685295433577
3.219022990634326
3.216998798822623
3.217718168118752
3.2181419193928873
3.221262305015274
3.2139144723294004
3.2156098675379274
3.2166536306529814
3.211092014093128
3.2101964387000272
3.2172479769302895
3.2164044342202875
3.214536044952598
3.215964722798133
3.212491183896694
3.2104168938480204
3.208277835313159
3.209374822704355
3.2145376729121318
3.2090739460710065
3.2121011007158784
3.207722850005971
3.2082097199445903
3.209255618279127
3.2107696353354767
3.2143214166941534
3.2070312947006494
3.2099752714340513
3.2084056963136796
3.1989660874864683
3.202860847879427
3.205979367928256
3.2093267099721454
3.2053377322345584
3.2085178403525205
3.1999707579436003
3.2000341973009427
3.204528602884685
3.2039613741109494
3.198203091145413
3.203806989551994
3.1978454902217353
3.195739275465258
3.200033616927604
3.200224648602426
3.200673145033721
3.1948576772210546
3.198400126805397
3.197561309642989
3.198972378856895
3.194640869603265
3.20089978168088
3.198572880871356
3.1956962530212536
3.1969326968502316
3.194245687581832
3.1998942518254436
3.1983211986868993
3.192624030273916
3.19081671566356
3.191754835778667
3.1941636680189447
3.1977282800684947
3.194474962020867
3.185981904912431
3.192171314134401
3.188172215474549
3.1871507588504895
3.1858324513960263
3.188308893069041
3.187626093230238
3.190469421619838
3.1853430948873567
3.1878504090793602
3.185842376306199
3.1874171205583903
3.1873816171851446
3.188063033108851
3.1836063654255273
3.182329927243397
3.180598725074075
3.1828467558585753
3.178871698745025
3.1839840137389066
3.182273652648953
3.1804963261608075
3.1779163620709507
3.1789412916520745
3.174613521199291
3.1771206094932185
3.1795750638471607
3.1767226796255303
3.1750052862291938
3.1793796006045145
3.179375362677902
3.1762808552635082
3.178988945231524
3.1790618086052516
3.178238695624794
3.172634364621184
3.175078234882344
3.173079069343082
3.1755257984821075
3.165648008330058
3.171170691884914
3.1744268770455775
3.180358530090062
3.169538484823127
3.1717657903850767
3.1687738875096283
3.167256420080814
3.171985646699406
3.1682350142236055
3.1727153263863803
3.1677483868225678
3.1660690957919835
3.170220844865645
3.1666583653107456
3.1701820821711073
3.1679054854704325
3.1687645807578444
3.1621101572742987
3.1634410767564094
3.1655348336189544
3.1644467915111267
3.1629584559146715
3.171523692024497
3.167648987894693
3.1615018560900876
3.160761143984375
3.163361862328229
3.159605620447988
3.1621533463630667
3.16283918541174
3.1674686940837122
3.167444651325954
3.157589740762669
3.1703593056299146
3.1584848861279626
3.161733041190249
3.167620167630181
3.1576570496900187
3.1614159369964643
3.1594763427042087
3.1601890200810288
3.160676082146258
3.1582202080638067
3.1625951863793063
3.160030722046226
3.1593282406361416
3.15609074370588
3.1606953224941483
3.1585336486857183
3.158654434912151
3.155247122700673
3.15994951812248
3.158793703372216
3.1603275922637812
3.166838070122708
3.1553581912475464
3.1553834302119244
3.158137984962367
3.154887798686122
3.1578053809322135
3.155058088353381
3.151668842439205
3.1646117993513947
3.1549665977047767
3.1567401727071527
3.15485758649311
3.1514904849983654
3.157385783573818
3.1537058216630234
3.1459350854042016
3.1545757154063585
3.152502341597953
3.156284810345648
3.157303242486753
3.1553108791853446
3.1502430271962534
3.1563236294937087
3.1582678824013426
3.1539171803222255
3.154599856206717
3.153790556404207
3.145235105911619
3.1542700888745236
3.150845017530448
3.1563145501049727
3.152692277162539
3.158221711437677
3.149904852523419
3.1532210186472795
3.1599743709197257
3.150503340955996
3.1512088720024334
3.15425826327131
3.152568811676373
3.149688092337285
3.1498358557454877
3.1539517023954167
3.1519676613532446
3.1511415848780473
3.1488928436309584
3.15430753240647
3.1511600858194515
3.1508297251023576
3.1447472353988544
3.1523925994991564
3.1529519768651944
3.155565599615768
3.1540001395995008
3.151215687655938
3.148907517597351
3.151403127995315
3.151600510006892
3.1558663140303578
3.149341419896431
3.1503202713337215
3.1505962700455057
3.1523515105215827
3.144457529884658
3.1492284785003775
3.1518081168573526
3.157897018438355
3.144570367926749
3.152036689507658
