sigma=1.0 time=680.805999994278 importance_sampling_step_length=0.5 num_mc_iterations=1000000
3.268271811617913
3.19849135287047
3.179490537872044
3.170996634054924
3.156201068341416
3.1471362226767914
3.137794667266485
3.1376955022481883
3.1305362980141687
3.1295043608059365
3.1237652957051063
3.116271656340433
3.1157947447090106
3.1083457575560547
3.103958422958488
3.101789557604424
3.0949065034013126
3.0937199017331225
3.091502053014478
3.0879798998675385
3.089665408493081
3.0881079386106656
3.0866981295074973
3.086574445150397
3.089015614446482
3.0905785463604127
3.088908146321184
3.0888679214412376
3.101016078459236
3.0867764504141957
3.090622702106043
3.0859234920636145
3.0844429635067505
3.086493673551794
3.086885085882663
3.0870168749109768
3.0854695895157382
3.0882245156765467
3.0901622252999594
3.085667735809906
3.094115501043387
3.0913606845009967
3.0868293804018454
3.08955325313823
3.08486922445668
3.087135432797095
3.0886078558097054
3.0909169289128653
3.0877846406437963
3.0877560584398034
3.103834256586045
3.0896560973194465
3.0881275206058376
3.088404044637316
3.0839423150747938
3.085267106324168
3.091241148245457
3.0909772084979936
3.0841096036740456
3.082961279811658
3.0914131193153893
3.0883123609359635
3.0854969314993577
3.0880203302600426
3.0866320480634934
3.0909289657538905
3.0915879728598803
3.0853067665633547
3.0875587090483965
3.0843042491972854
3.087654253264297
3.0888674085462635
3.0905781755621624
3.0910410349427995
3.086326331725828
3.088865527099476
3.086458884813426
3.0840462447529404
3.0856351634874954
3.0874666100708725
3.0903300851544366
3.0846456091949634
3.0890483431867755
3.0858741810583283
3.0870305224215127
3.0873221755950873
3.0850231246143074
3.090519157497302
3.08618052205291
3.0886942631055274
3.0869217878264577
3.0902958078031784
3.088379950778226
3.12209782943063
3.0847225917106367
3.085687287756646
3.0813967027960083
3.0895532413815463
3.085045063643079
3.087037278943018
3.0847287703528967
3.0882007965939384
3.0860628149380496
3.0903153728665527
3.0901418077019023
3.082635458510033
3.0848224937626463
3.0869278191736313
3.0882375190985285
3.0839703719197855
3.087046869578726
3.08775855759562
3.0819120588061484
3.0900977241267507
3.0878823624516096
3.0851139726344066
3.0891055342710922
3.083114730597872
3.0856945801211904
3.0873108951077883
3.089643142546156
3.0835439341880826
3.0876776266883157
3.0893755870747306
3.083812525023861
3.0878886683872504
3.082142885582343
3.0943684676667216
3.083314258538112
3.0849087577961214
3.082132022144842
3.0857019079599524
3.0864265332835097
3.085510088371076
3.0865326514180187
3.0862158468190524
3.0955197079655328
3.0918303065147694
3.084927172251236
3.09111972448224
3.084928239599917
3.084602649030965
3.0832303149701965
3.0860710723210287
3.084092371439102
3.0848757486415654
3.0817713797041915
3.0838486888025773
3.0833967171142707
3.0809381014718107
3.0819590955801406
3.0868489653008124
3.088439651517787
3.0888281566001012
3.0812573662540967
3.088522118701937
3.082852189043261
3.08523475659255
3.080265445786157
3.085747918628012
3.0878165233118033
3.0858801830920477
3.0839825589694305
3.084477358445923
3.085186511097198
3.084453191318983
3.0826465886126333
3.0845276766054535
3.0812305254348735
3.0802007911599874
3.085007998433715
3.084089035769216
3.08521165706778
3.0878712149054452
3.0806778259512577
3.08414997423981
3.085858585877075
3.088170886436954
3.0910545447586038
3.0893059150615723
3.0867823145429165
3.086491535598389
3.085271342053775
3.0830898940641007
3.0844407178113387
3.0845786892653053
3.079780646226949
3.0817836275257537
3.083961966091162
3.085537352419231
3.0838948061163367
3.0885882351768514
3.084140921486649
3.0826668387555505
3.081030550505618
3.0860761442071776
3.085097322058857
3.083222765124458
3.0908771859243873
3.086116835907398
3.085400184315121
3.0835274069436354
3.0880838443123957
3.0844473260280676
3.084846192276755
3.0818168732547857
3.0793699500511567
3.082913001152011
3.088019946579253
3.086583183937586
3.085657842251288
3.083657974469631
3.08688014609304
3.084100483577521
3.0853791510833064
3.0850478400427366
3.0858610710395
3.0830101177909244
3.089534057473866
3.089297686314594
3.083576116303052
3.085420080901545
3.0821813804220755
3.0849704267165903
3.0834428544297476
3.088694980715114
3.0844954939300098
3.0845269616488826
3.084941623075409
3.0891621831950626
3.085097919000248
3.08879438295744
3.085874402695548
3.0859656639681465
3.0823306012407667
3.0858567436271223
3.0842276843073835
3.0870056132035955
3.0846434829264164
3.0829871414828216
3.0993952728363108
3.089130702874618
3.083895230492346
3.0833002531391975
3.0826361693327957
3.0800251634362965
3.081154055979287
3.0856456213220147
3.086666490121713
3.0820729401813156
3.0839197800829643
3.082032510487976
3.0839643119937863
3.0835587398248294
3.0841047337033736
3.0822683851919415
3.0875753328236177
3.084723800210925
3.0806191621545795
3.0916028339388424
3.0814176946518623
3.088597532714785
3.0841556564429875
3.0876973814000643
3.0884374773295074
3.0853739468248587
3.089948738283498
3.081123232557633
3.088172815383247
3.0866533442317015
3.085837999365407
3.081804044732321
3.0846083542684233
3.086247009222048
3.0859689066960962
3.084031927355726
3.0883461245921597
3.085799400855492
3.086604365879493
3.0873530996886163
3.084119165695319
3.083613016239053
3.0827925544556267
3.0830917893653584
3.0866399388377497
3.087344855950594
3.0859668265466667
3.084680594290613
3.0856125097681786
3.084837985175906
3.0810073988662623
3.0875512033323256
3.0859363341954
3.0885605901251982
3.0849123915389667
3.08808271624028
3.0877261582508413
3.084284702182504
3.0814759718327958
3.085812658445364
