sigma=1.0 time=686.4969999790192 importance_sampling_step_length=0.5 num_mc_iterations=1000000
3.268271811617913
3.2523300866766
3.238114103318165
3.226907236748086
3.2132118648478185
3.2052915194162934
3.2023373468697174
3.197482903563465
3.1955240379879473
3.19725970129476
3.1902173670337417
3.1879263882612654
3.192859023067335
3.1840853898555412
3.1816696679471677
3.182719926096969
3.184166719900392
3.180774025719299
3.180899849150316
3.181818613687221
3.179618645297734
3.181713370194365
3.1836209800918738
3.1700029623924815
3.179121381891597
3.180597231436477
3.172224718749753
3.1705495875025456
3.173530379520224
3.1689367550183656
3.1696733283747665
3.1729751189597746
3.1668892621017903
3.1639320873496195
3.1753430772079683
3.1665176164499225
3.157630426057371
3.1644299105996256
3.1598945480604868
3.151376815702274
3.1553130772780897
3.1587769298342034
3.1580047042629014
3.159401483524206
3.153787491471934
3.152927674480955
3.1507598312858596
3.1504841120083396
3.150868847490293
3.146690913433077
3.1488846153119594
3.1492422272880685
3.148508231930671
3.140960234401132
3.1461858531867612
3.1439885701397094
3.1509037740667365
3.136681767742023
3.138804955022283
3.144395574034132
3.133006340689464
3.1364205095448727
3.1388669156763265
3.140961376289212
3.1441664096621356
3.1332521285361765
3.1379808250287313
3.1360185457625542
3.1326323588803815
3.136915288327303
3.135609560354599
3.133015948634187
3.137352822058623
3.1308459500652512
3.13705899184201
3.1376416960923463
3.132488374756729
3.1331844565343783
3.127938355872792
3.1280694537593114
3.131942239673329
3.1290116196304316
3.1270721737136324
3.1337309232864183
3.1301531662842543
3.1267279018315692
3.1282771858267733
3.1291124716374905
3.1266595853128876
3.1262809945326393
3.123588820642018
3.1300654781501525
3.1240966192208397
3.1255668065954816
3.120236817155672
3.1232623011851874
3.120797056534013
3.120381937235551
3.127348364801314
3.121923443406963
3.1248132444055923
3.128067593747468
3.125570906523633
3.121449780306699
3.119984020662563
3.117378327076131
3.120880716885802
3.1214842443491593
3.112871483204451
3.1182581869254875
3.1189411006855416
3.1111273514375184
3.1080027582704437
3.118434381259927
3.1191123202774813
3.118183300892354
3.115422177695648
3.1152587323029612
3.114105088182558
3.1159858262639957
3.113809299738589
3.1074983700317005
3.1098560883291495
3.1102285476495486
3.1076363376546605
3.112343172551322
3.1093702718131877
3.108250516106326
3.102094912788682
3.107408650549642
3.105441905974382
3.107539240217403
3.105723951788642
3.1054563152486
3.1036119797315083
3.109232312748848
3.103088827798398
3.101532573469015
3.105350319913827
3.1037863635136222
3.0989967162756695
3.100220247754015
3.101123659602149
3.100088039206059
3.0968077621326224
3.1035349655864284
3.095215171413483
3.1037287814809607
3.1009317595328376
3.1007628557454634
3.0950242697532673
3.101303234809637
3.097114129795281
3.0977401283205053
3.0973338454650126
3.0972120320943293
3.0956368351696333
3.096249820092954
3.0894023469093805
3.093187788759006
3.0949572404130326
3.0898766387803955
3.0903231666733393
3.0964616157837965
3.094122110565169
3.094045151912996
3.08770455110411
3.094483155571649
3.0911244309896007
3.0924378011542664
3.0937367498111263
3.095721219273696
3.093514917583375
3.0920773947367186
3.0868445276653005
3.0911655547330263
3.087623945003245
3.093835859969719
3.0899151220984624
3.0898973299292525
3.0946741786604353
3.089548033010275
3.088775773110616
3.0881865835348306
3.0917525801158163
3.0921244571486737
3.0860981932530525
3.0863520294271716
3.088090914608706
3.091258533597364
3.0881154020643944
3.0917839912705833
3.0875313542517238
3.089645224143106
3.091762213560716
3.0980398140349656
3.0929108164446117
3.0896026907576393
3.0912736049301137
3.0913922456679996
3.0910638474492624
3.0883794088344683
3.0900784954907983
3.087686944527995
3.0860520445417903
3.0997188631829378
3.0873743562471256
3.088277037762931
3.0957739370732806
3.090042025744941
3.090836443910932
3.0869825408624756
3.0936602070054526
3.08826846937656
3.087559562406471
3.0927537852695792
3.0860160331221658
3.0847644774780463
3.0890916321094184
3.0962237574792826
3.0876886464492506
3.088317833560892
3.086721836721174
3.0848891832418976
3.086755543179384
3.0888374848234426
3.0903224203839437
3.0877377433384168
3.0902212432894522
3.0904430987981875
3.089483693311356
3.09444532560524
3.0895406283729545
3.08633987995825
3.0892651665673303
3.092270575637871
3.084500372362416
3.089793815946066
3.0895901013564586
3.0880468560342402
3.0898968957756447
3.090003919164663
3.088089564827524
3.0875707670189625
3.0881672017862716
3.084078000617709
3.0897618827567763
3.0887788675830135
3.0910522496637185
3.0870713960955136
3.0905349058791907
3.0855552907062096
3.0891823683380215
3.0852966447985626
3.087955137377993
3.0854212080381176
3.0911277893220888
3.085518718677452
3.086133259768163
3.089217179198383
3.084765841248771
3.0907057735682026
3.0909988141272526
3.091249247637879
3.0909501220297493
3.089186749118997
3.0891889424822203
3.0865855737722456
3.093762647675666
3.093460035437981
3.087536367007096
3.088423225996961
3.0883544492980195
3.088981907518396
3.090614186270249
3.0890875543553418
3.0918176177611465
3.0849513922615426
3.0899002270862135
3.0901796134451875
3.084004095948111
3.0869972392347687
3.0877287733524845
3.090980021386149
3.09143205611757
3.0945367656597873
3.0905696744823326
3.08825450915987
3.093999901934394
3.0867385293544354
3.088027160207602
3.091119885612335
3.088084953904484
3.0940033765015253
3.0871828348756485
3.088106788693677
3.0882137144638597
3.0909115455176748
3.0839630390845265
3.0900342514962325
