sigma=1.0 time=616.329999923706 importance_sampling_step_length=0.5 num_mc_iterations=1000000
3.345273715891376
3.2301919137622037
3.2127706498124904
3.2021869344060576
3.1851909722239036
3.1855923668808437
3.1612866126370442
3.1598957207403267
3.1482999890862886
3.14163683863057
3.129483009427425
3.1244633727197577
3.1158423696560704
3.108796073482409
3.10262643891812
3.0991987249470383
3.0966863850138378
3.0872738956602914
3.0879460000580643
3.0868179777838143
3.085660576661131
3.084579068646313
3.082383397133982
3.086834751090382
3.0850968757603554
3.0870156669706583
3.087266374152738
3.0837001984112806
3.086982067218803
3.082177658306278
3.084622825664661
3.0842663035499513
3.080717260524293
3.0851090570279487
3.0842085225315152
3.082429406788869
3.084360511552701
3.088123568411
3.085704253001657
3.0802290639960126
3.083708046861496
3.0855419312275068
3.0829231821095657
3.088112197848726
3.0853744544128965
3.0841126832778847
3.085317691147156
3.0851938904276657
3.0860179718231846
3.0832761299444447
3.0830776937214486
3.085741073546445
3.0842211973794993
3.083737824198345
3.0801665433853636
3.0842871703575727
3.0891729654457944
3.086778085220087
3.0817662931404697
3.077651810356941
3.0835097151301687
3.082057761533733
3.082318414679767
3.082098661149958
3.083673109097939
3.0860918475154704
3.0853208619353647
3.0813661270602237
3.0851070704442964
3.0832152248178195
3.084870854036792
3.0857264553290724
3.0884845265471847
3.086649874058127
3.08793666763419
3.082163321679703
3.08101055552018
3.085976156653552
3.0835450900694905
3.082060326379356
3.0843013287379257
3.0820159503340507
3.087021783412261
3.0847924473026866
3.0821541769838197
3.083689232536819
3.083114562049168
3.083142011669588
3.0840514566585537
3.0866891931110736
3.082859684532033
3.0859410716729068
3.0832041384957525
3.0859002863683918
3.0810077687735746
3.0817677218991437
3.0768590187316653
3.0866497748576465
3.0816421855455562
3.084270341792335
3.0810559655253624
3.0834383164170553
3.082672109974909
3.08692503448719
3.0850347890365097
3.081685832363415
3.080181804040624
3.081717356990473
3.090086997625259
3.0840951355283535
3.0854259020199932
3.083274568764134
3.0792080564837203
3.0851643755272837
3.0882227353796705
3.0860115589070967
3.084006029333581
3.081528236174474
3.0833678655296026
3.084957105552811
3.0841607208741286
3.081016640973272
3.0835871565946658
3.0851217393037036
3.0816342520710123
3.0859497238971656
3.0805773643927776
3.084756859553356
3.0840257059403866
3.081695927775281
3.0816337364367863
3.0852392927777954
3.083162578057547
3.081961825248957
3.0822285437109747
3.0813266228641853
3.086502715193694
3.085300063504438
3.0843516758924396
3.084372939222112
3.0835433814978526
3.0833623497478184
3.0832261826662517
3.081167970015616
3.0848743868938207
3.0861119931235668
3.0817541690287906
3.0842401169967992
3.0830467943103748
3.0803771898204126
3.084387753377836
3.084457891068809
3.0859468517463386
3.0869029710521634
3.081678008619895
3.087627135574704
3.0862604824449718
3.0883184562659767
3.083151115028061
3.0834637000674534
3.0837178348657712
3.0817279618170277
3.083500558636732
3.0861058093029503
3.0854701080241136
3.0850862477004672
3.0821085189570314
3.0830569441475175
3.084326963572679
3.0833411494786964
3.0835850456840572
3.0837357675941277
3.084835650883333
3.0869617325938523
3.0775139639607723
3.0853174457993626
3.0811957468012285
3.083414277769087
3.083449992927956
3.0876173538673233
3.0838719982187284
3.0798541398090036
3.0818986867139717
3.0821981306225448
3.0846256047332714
3.0860526457876305
3.0817062408192095
3.0800225980005305
3.07902214246748
3.0834839496265114
3.0840957898010264
3.088506958124833
3.0848911252163265
3.0825670537215166
3.07939966020622
3.0866590894754
3.08483937691412
3.0830891416389545
3.0927152623126406
3.08615805266313
3.085767194270634
3.0821010640750823
3.0872932053844484
3.084859205581075
3.083819388685696
3.0817782001446403
3.080973079157443
3.0857801402067264
3.088851630108531
3.085495253772657
3.083535107960124
3.084352923707789
3.087562016510429
3.0837111600544604
3.0826756671044317
3.0864060850966544
3.090554936728017
3.0828804934966434
3.0849837826503657
3.086754444751974
3.085549104611065
3.0849078775779666
3.082964535063768
3.0850788351863168
3.080999562570756
3.0926907582583967
3.0841921070924045
3.0797521126865592
3.0848194648419245
3.085793023489459
3.085128343535334
3.085574025065403
3.0879947780727433
3.0797617383435707
3.088442860347275
3.0851291536356693
3.0804597303854377
3.084994706799534
3.08541771159642
3.088291094254294
3.0865269163196385
3.0868157469960877
3.086263148625375
3.084419722153214
3.0827391042232426
3.084638796660688
3.079903719330528
3.083681552241352
3.0862782368731754
3.0829013367591154
3.088052262007747
3.0852766052133287
3.080261005045313
3.0803997914792816
3.0827605906824145
3.0810913405568967
3.0859620457745
3.0818663106054327
3.08482644144831
3.0846257070311647
3.0838264977349894
3.0885842180849172
3.085172364410261
3.086292492745629
3.084975574780379
3.0859846753367157
3.084113007896679
3.08194679761451
3.0867806883458346
3.0855451246684837
3.082910524327753
3.0843403773364035
3.086067030737274
3.0859125394335365
3.086500068006335
3.0837241038213317
3.0861997673479484
3.0837899065016456
3.0866286470900266
3.0891910330349606
3.0814656072772797
3.0833939592985726
3.082620340669266
3.085479372329855
3.085862164809565
3.0902814824366733
3.0833638760054294
3.083997584597354
3.0884582467562
3.0859337532746487
3.0819122599664968
3.08323434152248
3.088622719451616
3.087518463688909
3.083786379270497
3.0845870063224674
3.083457326503605
3.084281734123244
3.0808264646509764
3.084536393383753
