sigma=1.0 time=594.3759999275208 importance_sampling_step_length=0.5 num_mc_iterations=1000000
3.345273715891376
3.3490335787853116
3.342803418147815
3.335011165939066
3.3351582371329385
3.329224571129994
3.3339047918156806
3.325852200365856
3.3167353797953187
3.3203987514262048
3.3127475124932055
3.3076763985769806
3.3135382608289214
3.2990673845698897
3.3041770212027357
3.307188327883617
3.3001133546773436
3.298535292757084
3.295210710614939
3.2891044314717583
3.2960493527228705
3.2905305744836784
3.2921832423742368
3.284524865514584
3.2888180347783593
3.289200471832865
3.286132149147653
3.282038255527003
3.2830313712203654
3.274427015843206
3.2822551139251024
3.2861530055559673
3.2772668112993975
3.2736868439693434
3.278544083200541
3.271929356313884
3.264122445762871
3.266801300959443
3.272789198732852
3.2624280765039817
3.260769200864164
3.256810776432629
3.262675240507685
3.262032140778286
3.2592651183768067
3.25604066833905
3.2590687649869494
3.2555610804926216
3.262556878899052
3.249310425787369
3.2604764309508494
3.2543466366116593
3.2517733043988386
3.247074503696689
3.2476034176252413
3.24601440654136
3.251543163039971
3.242447450393071
3.2524600843194045
3.241051337802402
3.243510172452411
3.247428291663897
3.2429573986503097
3.24429958493194
3.24768569449363
3.2459073392339133
3.2491994515830678
3.2365222098775432
3.242852390007058
3.24120727750647
3.2332549452816814
3.2391193882146454
3.2372344869529606
3.239514819749137
3.2371784259377736
3.241095704482429
3.2319478257680325
3.232033566043309
3.229443720012519
3.231577561939347
3.2306213564940562
3.2380411775388507
3.23481873288468
3.2296227501549017
3.231417098931688
3.2294026073528603
3.226934251571939
3.2269341295127676
3.230887284555589
3.229257169871811
3.230509583302328
3.2313876795202345
3.229310475123041
3.231806656152956
3.2269290612796286
3.2233685251492568
3.2239461350546326
3.22664969846215
3.23256612592475
3.226501638372119
3.2244742795125942
3.228457975892194
3.2268980512195546
3.2261916779799025
3.2338235637594277
3.218995585973634
3.2229399632834372
3.2273432391233414
3.2235011771932434
3.2200909135415143
3.2120076958181962
3.2172926285951333
3.2211792797768233
3.225866798694334
3.219334070553412
3.219620148296246
3.2288374123693955
3.219947467238189
3.224460134059138
3.2185924410520634
3.215715392047927
3.2230513622693406
3.2200121460322624
3.219820727585975
3.2165022185643606
3.2249132192412433
3.219327448488517
3.223589046135212
3.2162139619830374
3.222288798651648
3.2175112287145047
3.221531895264304
3.212105362753477
3.218376991900636
3.2138504038277182
3.215873193297512
3.219288071242885
3.216330309797345
3.2170855560351406
3.215355368301989
3.215476468656192
3.218312561539665
3.209057438575278
3.3017553679209843
3.210278286427624
3.2129709665795105
3.2117250499768657
3.2227480316808035
3.2137400315317346
3.2133760376798146
3.213976849310896
3.2167766275363836
3.211742925265109
3.2152271922067563
3.207223515967838
3.2156301857006326
3.221928264031616
3.2174604551797743
3.205964230139203
3.211139770329234
3.2131141220519175
3.207029008422568
3.2151747587793063
3.2143785821908044
3.2120234971678037
3.206977439639222
3.2100416664233893
3.2139388772475757
3.207956387583177
3.2133987280346674
3.214017382236225
3.2095869174212126
3.217812228283109
3.210701357147011
3.2083772100313555
3.2178699071773536
3.2081903026461362
3.2071702886079043
3.2047705053512794
3.2129346612821763
3.2050290420454193
3.209713211173388
3.2101193686071103
3.2036808798282377
3.209008923933663
3.209047170482118
3.20827898691492
3.201984472002243
3.2006182902121485
3.214881730504724
3.2058165887956647
3.2045546382234487
3.2024716678177416
3.212643003028059
3.2046386772263524
3.2092775521454393
3.2063368929263087
3.206748202798397
3.2050239169731864
3.2061626857464405
3.2092830566414308
3.203415086161722
3.22016722885826
3.2067278662356453
3.2047165768881327
3.205167273188438
3.205745825273326
3.2088499531246417
3.198111303954251
3.1986127714240093
3.202743737573885
3.207647484011067
3.2056826948761055
3.2110039461577395
3.202660576547075
3.2022211526505324
3.20751450759
3.20740436877887
3.2069380401314986
3.1988490747342087
3.2003865932661824
3.203961022474768
3.2010418234514146
3.204045174395974
3.295447297833951
3.1929748297285503
3.2023826052291127
3.2039101013347695
3.2076203111185513
3.2045582747233508
3.2079576567121864
3.2070746770265712
3.208932992878079
3.2017496756016484
3.2008188125059958
3.201396460104497
3.205125481536644
3.2059747704848336
3.1947169555344277
3.2107360188085456
3.20960841623235
3.2035145057704533
3.2027308079361156
3.19595304788528
3.2052633233199663
3.201625753775408
3.1983958590004176
3.199091267520534
3.1991304048946256
3.199623889947843
3.2002090666621736
3.1974403667035047
3.1983689996895257
3.198674648590499
3.203129892858766
3.205010812356357
3.197150027414202
3.20234695737774
3.1941667762188617
3.1939454579442232
3.196759805586607
3.2004323466842473
3.2010375379050573
3.2054008005972388
3.1941873972584323
3.194869955433778
3.1967784737155687
3.199970804776421
3.203930892991583
3.1981234598486883
3.2004712895071323
3.19885909015496
3.2061856154065373
3.201829815605582
3.194809682083023
3.2004040843555046
3.2005760867221684
3.194856588415279
3.198568471281098
3.196754894819986
3.1970720682180316
3.1969229100770113
3.1964667980577173
3.1945560354707254
3.198754257719674
3.1947207940454874
3.2058033367699013
3.199366980490248
3.1985108640461353
3.194465088898578
3.202346119833529
3.1997220576555097
3.1943768193609445
3.1974281023731805
3.193138134327847
3.19512322744588
3.1951855185775195
3.1952885172226955
3.1919671372102587
3.197555900568989
