sigma=1.0 time=554.3980000019073 importance_sampling_step_length=0.5 num_mc_iterations=1000000
3.3363108561980077
3.2403760691039865
3.2433010866415737
3.229690054589421
3.2318539345316593
3.2325641874850097
3.2194429903532957
3.2186269588645833
3.215878350941064
3.2120608690037704
3.2060831830840355
3.2048793998067144
3.205760569988953
3.201134538091251
3.1959539655696463
3.187275550744548
3.1796133448222252
3.1800772451159083
3.1720180128770425
3.167695319452977
3.1664474289363493
3.16035680705186
3.1556078029764283
3.1560258551184464
3.156565179906714
3.1618129534278174
3.1556570563633746
3.1560111445443293
3.154465433092628
3.1474286432767
3.148518552636655
3.1439902092411995
3.1478332374792353
3.145593422670621
3.1418621706537952
3.1381154038310024
3.1358838402484044
3.138717948715365
3.13404753635367
3.1294902549342383
3.1319536465749573
3.1264287726644344
3.1263449829706182
3.131246218748255
3.128974263980081
3.12649683343152
3.1284718201918067
3.1240201296876795
3.1260083137089567
3.122630832397303
3.1291855277704688
3.1329389914548385
3.124743287025467
3.124351911773269
3.123907387106677
3.1228174396103032
3.1239270481308545
3.1281900793763078
3.121087350288581
3.12561393854756
3.12358786904079
3.1294748012150753
3.1281044779453526
3.12005833371009
3.121628465972735
3.1283357706274373
3.1276698555142
3.129792957572313
3.123641724518637
3.127008033433866
3.1239381910264754
3.1263721883970947
3.1217340228646697
3.12612894612104
3.1229252334673085
3.1300120462629133
3.124484655402755
3.1245216035483367
3.1196926900704463
3.1210448968851345
3.1233134108141556
3.1190642886155633
3.1256203090747694
3.1232569505244023
3.1234238917990247
3.1225382054443522
3.1198061226888076
3.1187427734567064
3.1229215731991466
3.1242483269786065
3.12351006620472
3.122836579917851
3.120512436913758
3.1234408448779774
3.1208560912063046
3.122604432827448
3.117733179148435
3.119400412905499
3.1194237732390437
3.1217476082875364
3.1238091602485802
3.1224440436804435
3.127977630720865
3.121640192829685
3.1232840989097554
3.1162977127744376
3.121275508423262
3.12608645488382
3.1202317209431265
3.1225482772976196
3.1158606984216908
3.119924726060987
3.1176656611748594
3.1317694693459446
3.1232537187662124
3.1199366083027558
3.121886899185665
3.1221665864218027
3.125977585083815
3.121235122097167
3.1218065383666302
3.1227319972871865
3.1224853353972164
3.123240772565356
3.119937967672826
3.1209538659546814
3.1197197186604244
3.1197890206111496
3.11793625789346
3.124041798946299
3.1180810240324663
3.1237062750148588
3.124413859758404
3.1248195623761226
3.115817081323722
3.120831041849858
3.124986257502068
3.1181360726030594
3.1219107128494863
3.117300018919245
3.1161464678169084
3.1254046832310642
3.113401856349272
3.1150888876910736
3.1202737807131036
3.125150624155026
3.1177443646263683
3.125179758070897
3.124592778785112
3.12279198334231
3.1148261482147315
3.121251006490312
3.123458670810206
3.1233277086339184
3.1152275155658273
3.119349044161732
3.1199762693417807
3.1195194077637485
3.1209597896191568
3.1202350847705356
3.1211662588339624
3.119935081341169
3.116480577597886
3.1253418571936207
3.1255917448470227
3.117036740034581
3.114959762556998
3.1217634648860284
3.123156358280504
3.120815719645658
3.120979907556551
3.114234724725732
3.122531567825697
3.1203138146662237
3.1203750172603564
3.1210125472714942
3.116951633195345
3.121261512454481
3.118406110371065
3.1235108856622715
3.1214140684427942
3.1187990968515886
3.12156019710825
3.122855274880478
3.119067057119612
3.1184532184961817
3.121535940626768
3.1196024263685076
3.117810445543339
3.1254014232223537
3.1207689230142193
3.1185183188921077
3.118048090128215
3.1245392805634538
3.1175366911629863
3.1229412920397777
3.119842637995256
3.121086420934899
3.123278653241065
3.1204665201234403
3.120336764741794
3.117557790056273
3.1282659008752445
3.1182035445208665
3.1186706315970723
3.118046751919277
3.1193735203635327
3.124430335181901
3.1161835075773467
3.1184883188005172
3.117349420152059
3.117737781128853
3.1195785320083678
3.1238646225049145
3.117411216511946
3.1199686269477205
3.1169399340369104
3.1265543025182643
3.1219860514315885
3.1172637757197608
3.1174766887372387
3.125322330878333
3.117777272139667
3.1162192614645092
3.1169232376296825
3.11612871347941
3.11733124081731
3.118201490501593
3.1159459330179646
3.1233238892763273
3.119129779068409
3.123662587175573
3.12563247642093
3.1152543156901027
3.1153025242946732
3.11691955850607
3.1203853510284367
3.122028153288092
3.1213606596209353
3.1302639077295895
3.1230832172642993
3.1175154139381984
3.1199237154908106
3.1211962447583255
3.1211320850850828
3.1252582861641676
3.118236613788361
3.1310361889412435
3.1215842510006375
3.1201723165855464
3.123831441337311
3.124515432183022
3.1174393335145805
3.1202679268744955
3.1178015339324125
3.122764682104458
3.1231723126244337
3.1231987959817427
3.11606290629763
3.116218868722098
3.121360472440033
3.1213087539116997
3.1254353850583976
3.1277967574243655
3.1216419266538136
3.120099319779653
3.1194496127834297
3.1192788683743453
3.1206343884720864
3.122548381569885
3.1232586098685307
3.1228016234732165
3.1210947369717488
3.1184064590426193
3.1215341185982437
3.1219506931434604
3.130585051982004
3.11620078364541
3.1252062630917203
3.1252535882355525
3.1161070471130086
3.1217973049457446
3.1172792272744645
3.116250716079519
3.119247049606913
3.1174673383791704
3.1237570183504553
3.1224874150688406
3.1207432238899555
3.115328372364766
3.1199582831130233
3.115160936292059
3.1329895170888142
3.124002150941266
3.121160111999605
3.121948454418105
3.1165904572045964
3.1236829298721247
3.120374968037718
3.124472116597656
