sigma=1.0 time=653.603000164032 importance_sampling_step_length=0.5 num_mc_iterations=1000000
3.268271811617913
3.269875152078031
3.277118236537435
3.26556862641857
3.2610364859266263
3.2558183983633606
3.257172226988163
3.257409813626375
3.2534523026743694
3.2561248149951765
3.25606565487964
3.2562854088941613
3.2539293738185875
3.245897662776631
3.245075845210853
3.2486195871037147
3.248037914998944
3.2427474763336517
3.2428612991374086
3.242073865527959
3.243868666847611
3.362953624481796
3.236460452056464
3.227871637181113
3.232946665039985
3.2353877185974604
3.2335214116099227
3.232740855710079
3.228234764608386
3.227079067829083
3.2248018397327467
3.2254801266856266
3.228178144750055
3.2247941329774705
3.2264361308719045
3.220131359831334
3.216880140708716
3.2163141253601104
3.216654182793599
3.211674474209567
3.210362464337648
3.2184735481276245
3.2138670928410815
3.215427173875968
3.218142604351235
3.214432330018858
3.220721907749687
3.2072310014928562
3.2131326221448187
3.2111774476587036
3.211884845252543
3.214195210858234
3.2110872511954884
3.2137994455561216
3.2080741468740674
3.2069394981076376
3.211891214734713
3.2045586531498205
3.204469173086361
3.2078898042089
3.2049832434041607
3.2077870077825703
3.203719314176523
3.201514272693051
3.2051259984619467
3.2049222535193866
3.203301397792713
3.2014626845583827
3.2067445807017303
3.2045256939781166
3.1992232980859177
3.2004443736150225
3.200281702220764
3.1955626784636535
3.202003294185211
3.20373937426667
3.2062460368322805
3.1978161104914364
3.1969047758249984
3.1975445554137836
3.2027310914255747
3.1972679490299276
3.202834851454355
3.198852927093903
3.197239357594709
3.194457230510655
3.1965129116726363
3.191605873192493
3.1950325133903656
3.1939627827124184
3.1998551095537686
3.196324714708099
3.1940891556607176
3.196518738248027
3.1925149025839685
3.19789303613604
3.1937392660073165
3.1975165399194245
3.1975886699356093
3.192597978463112
3.1955385152740874
3.192156408729274
3.1917609863321754
3.189522384611397
3.1905186949980493
3.191394309262569
3.196541071657723
3.196153977149329
3.1851428444023346
3.189344491832896
3.187327599876008
3.19588916945486
3.1878725050382
3.190875794268402
3.194068101421352
3.1863151918558645
3.1871605422605715
3.1868392933766465
3.1937105303189433
3.191987108722827
3.188209715445024
3.1899010465963076
3.189169776248291
3.191209516492315
3.19849902489585
3.191673453997603
3.188176337147531
3.1887357088561874
3.1952714058186817
3.1871317146343543
3.188982279264998
3.1922037598017785
3.1943493097902493
3.1919134341980895
3.1900521165162523
3.191826276656879
3.1941363794293762
3.1869882117985666
3.1888697918383273
3.184824820417616
3.186936503666156
3.1897762073269553
3.1834942224312073
3.184208530805768
3.186641224296805
3.186565369718197
3.1842439815975037
3.1931725250959393
3.181471811273167
3.182854381326572
3.1861041539396884
3.186916784172612
3.185811284715889
3.1860288083941897
3.1822660814594728
3.1860085811029917
3.1795021818043816
3.1834796846326587
3.180177178994523
3.184214119644288
3.186426168458048
3.1831672036720655
3.182520205962707
3.1893117718902255
3.182318093481636
3.179655567316256
3.1800936687019528
3.182848904050383
3.1878838438970525
3.1838340422580105
3.18314151144323
3.1846827456819438
3.1975715712599286
3.182054949905408
3.1867681063825435
3.187871280441233
3.1799384895373137
3.1798705499956728
3.1774307213625783
3.181839963972719
3.1816402474202676
3.1814864382668975
3.1844326796514935
3.183424112252981
3.1830554930528128
3.1786078510943714
3.1830071278372625
3.1792533430296177
3.1799859356759814
3.1818240906085093
3.18420427155295
3.179624074714274
3.1752490064789645
3.187336767752205
3.1774983277200013
3.1863036214434235
3.18172181532893
3.183257582566108
3.1802020224565024
3.1793199869350244
3.17891670398888
3.1773180520134154
3.1818463270598056
3.1778929761028385
3.183361256336645
3.175124172420539
3.180946205201842
3.1775241365004776
3.1742737548192466
3.1773501489566374
3.1823089702274054
3.184318994086541
3.177869453141106
3.1840800893388534
3.1796475032508167
3.1759449749149207
3.1738522831789617
3.1843692157236716
3.17917091246034
3.1766756602957065
3.1803554512644285
3.1755998514890846
3.1743715238063293
3.1733472463868453
3.178273269735177
3.173240070074343
3.1813804036154365
3.179165575699691
3.176519763704696
3.178208964730811
3.177610235111095
3.183352611915697
3.177466564330299
3.1727005082716104
3.1727615302870142
3.176164910362904
3.177763536428566
3.1779049612423567
3.1675760919372915
3.1811230752852886
3.178075626346294
3.1768107710169096
3.176404918929275
3.1727297743241385
3.1772681821235107
3.179969856791641
3.1738485193670107
3.1724629719290056
3.180336549713155
3.1789353240281875
3.175183563178544
3.1757427177175446
3.175535921312192
3.174522081457401
3.174080690569107
3.1773606642976286
3.1737023358471723
3.1738528785403473
3.174115702466582
3.1780814393175962
3.180131346365021
3.174506474063532
3.1738707337629735
3.1766527916651204
3.1771394035551914
3.174589457847367
3.175761141732179
3.1761752665813963
3.178262191643985
3.177978274918815
3.171194770789157
3.173779087700952
3.168034233795988
3.1705809070443105
3.173754823583792
3.170713620309508
3.172923717364024
3.174059277468493
3.170109632112815
3.1686823654752065
3.1713518485686847
3.168741736094715
3.1723376226920643
3.1667143804456717
3.1734252425035643
3.1694294916110803
3.1766125181880978
3.1695648732860553
3.1717146232167757
3.1714123407891046
3.17427628406565
3.174686847655271
3.1692804402074253
3.1737844255221126
3.162705195609172
3.1671993910595826
3.1697399612572656
3.1710264036156413
3.167605500446655
3.175475743690526
