sigma=0.98 time=322.75600004196167 num_mc_iterations=10000000
3.362313485078724
3.260201529066046
3.2263590368150665
3.1830655256080687
3.195516123750979
3.1799078646339796
3.149746153492976
3.1125580115148432
3.1519155224522053
3.149241524298229
3.120577960073945
3.132269739321348
3.1212212050787587
3.1059454142449807
3.1171261315400525
3.080901729653674
3.0966594618215897
3.0890030962225055
3.090287961426446
3.070324269280153
3.0767958793500143
3.074618924846499
3.0598667663412784
3.089703075455666
3.09382533049748
3.083320697386174
3.0949938002622894
3.0817394990683242
3.0911435374458307
3.105892271907883
3.0879179886203882
3.0753881388482944
3.068466858111092
3.08024534537081
3.0859379420208803
3.0850395089124976
3.075954367442825
3.0995021583116626
3.087239804214276
3.0576222036860567
3.1044937991924084
3.106835260351059
3.085796749944017
3.092392455587723
3.0916828821282065
3.091327457558182
3.0881334230476707
3.0823925991435535
3.0810194562415796
3.0980522865006446
3.083185544746061
3.086909684703336
3.1005468718549825
3.107518290988038
3.0853526666849818
3.0876808085820273
3.071021465082893
3.1133140095544367
3.0853108913150478
3.0881146315272625
3.0778603103758186
3.1052364311256744
3.068300376471748
3.0755479472155964
3.0954713861287724
3.071057597242949
3.0857434095048073
3.087027895605801
3.0965971221690505
3.069302664633072
3.0845863972744194
3.089435494512874
3.076558632956839
3.0619025551160175
3.0998070530209287
3.0727773048984424
3.086870939175804
3.099447924826536
3.0960781376563613
3.077765585856744
3.0778789636352886
3.1172716028121283
3.0995569601748856
3.107572348808351
3.0956404950161995
3.0762182894444763
3.0710776713241072
3.09984515872992
3.1006204617357573
3.1070589129580126
3.0884375774740906
3.09583950791492
3.100180053982781
3.0728801816151092
3.095924671821477
3.0909102670340176
3.0913298362080974
3.091908906145962
3.0890467478923496
3.082641608012195
3.092366127151778
3.072893725479663
3.0798209426937997
3.0742319626178185
3.085268133446011
3.0955756748860277
3.067437947406835
3.0956568716345325
3.0996800343734865
3.0944426877816156
3.077159768478894
3.094224905075515
3.0841011263866855
3.0906660835642064
3.0877453632866954
3.0766948172269784
3.0791147447241385
3.0712595693133276
3.091114252578585
3.0914997914127076
3.073448986294536
3.069546546744391
3.0725988291015627
3.0887204104832415
3.0858489034521726
3.0764520569245692
3.0985577146321193
3.089591571843701
3.0760077339193383
3.0626468049406825
3.1073347999775995
3.0845489582098398
3.1061557613002324
3.1007356686042384
3.1004967388471356
3.088594182767653
3.076037513933563
3.082887094327668
3.0887431712321374
3.077319385070697
3.0725576236083603
3.077839156844172
3.0896689926648584
3.1115378886785887
3.0650772027517204
3.066222985544439
3.091022076988792
3.0758920900710294
3.078905960436667
3.085226674045246
3.069793574629809
3.081182362292203
3.100341325060782
3.093360479726486
3.0775796468226697
3.084001167765332
3.0881271265751407
3.0943015744052667
3.0739165863815363
3.083216942980191
3.08047377483733
3.0906035613685656
3.0706420098336453
3.0574542830036666
3.103276952998722
3.0711973419491345
3.069888569695807
3.104592200478764
3.073847615424022
3.0936588430070797
3.0638752650016663
3.063764118525158
3.06411771863216
3.0606053829303623
3.0754316381426747
3.0915521554873364
3.081745956296606
3.0814464615861348
3.083471834024595
3.076359155466457
3.0934988220810284
3.106204877618843
3.0718021564290545
3.0959944102235384
3.1007536795963198
3.067436050619852
3.0655442464949423
3.0975997402050117
3.0703835373326647
3.0823825367422018
3.091663950040091
3.0743476305779827
3.0871613198343666
3.067532562700149
3.104353260201108
3.081864193400327
3.0682879058910144
3.0996899113453362
3.093085977509726
3.067496801275487
3.0809652937386507
3.0865052992860327
3.0900558801508495
3.0834184017465995
3.0889628201646144
3.0833285335581238
3.089953482924237
3.0868081012839212
3.0836941527141093
3.062515103579228
3.0900997527546488
3.081156585677879
3.085960112654571
3.0852033747877563
3.0668457994793896
3.088194754414064
3.0765704756808665
3.086894722052925
3.0820936988599885
3.0800816155712814
3.0832167330945186
3.0937804403021
3.083262799376974
3.098703356588431
3.105054976408023
3.0865433248825163
3.0874079986072385
3.078925371931378
3.0899454496644343
3.0677112744624644
3.1189652270812256
3.0804055853186885
3.0696680568477848
3.1091125508550146
3.0965699872696177
3.0821980984089534
3.086504289305004
3.0889866448744647
3.1050899016637827
3.0938311755261076
3.0887353175475156
3.0779445015175013
3.0845820931133687
3.0807902228706547
3.082598047583274
3.0908361274198835
3.0704603685836256
3.081770460977172
3.1006361725404132
3.0883323906583535
3.092294470518134
3.067047218976417
3.106214777941476
3.0830454323699903
3.0773938128520393
3.082313656144395
3.0735036575670094
3.105597110989783
3.0777647268193906
3.087037882137562
3.0605337260452243
3.104652173181246
3.0630574885350454
3.077368255415365
3.0874265668372805
3.108906144880468
3.091531076583304
3.077958187529117
3.0720650013795514
3.0832092810864618
3.085586606079389
3.083438526518857
3.0807157654652952
3.0748306945320487
3.070988024053055
3.0735742677545375
3.099891144060705
3.085280368252934
3.088297511248802
3.087073526092197
3.0682898101855263
3.098825632793171
3.08172078907635
3.0876171912687385
3.0959972828331157
3.0904291274829574
3.086982743358546
3.08724927200804
3.080429746492843
3.088410781956985
3.106541163042664
3.0877487722841033
3.0910971838763635
3.0836719051148127
3.0744896862465496
3.0855903408874426
3.0974788905929844
3.098684721104285
3.077557591007147
3.090302862431044
