sigma=0.95 time=386.59500002861023 num_mc_iterations=10000000
3.388743563190833
3.269703770873489
3.2387138855342212
3.1847704166119923
3.1923896093397173
3.178963952879177
3.1558955038337397
3.120210129377487
3.1534358183790596
3.146547568824992
3.1220287555022557
3.12158774729772
3.1389617137991754
3.1063265836220326
3.112814125757693
3.0847389045233284
3.0958953227284765
3.08102563058358
3.0873333936020964
3.06336808416412
3.0747344994727435
3.0671631721804284
3.0611815810844587
3.0860995052913363
3.0867198389832184
3.0909225141022145
3.0966299012449516
3.0747380060636136
3.08251556085874
3.1086790754186993
3.077869496014603
3.0687884318248893
3.064725670447445
3.085405948292638
3.079395442984532
3.0875366164117835
3.0667768125621144
3.102433992388063
3.089408172055951
3.050080026063143
3.107617007127225
3.103555579896604
3.084484557517129
3.0865810642441254
3.092343941203444
3.0833877441824176
3.086189038592777
3.0809679539787442
3.0717963953688687
3.100655579793356
3.0707449546272207
3.0786363614470837
3.0824944619734778
3.1047592280992924
3.0902355293742816
3.0962003156658677
3.0786549300249297
3.1065104110941832
3.0926133291271247
3.088091765296292
3.0746111680157857
3.0999305578278027
3.0674608246912314
3.0747019946797844
3.0991151765173806
3.078807203358219
3.078906196749794
3.080138990052991
3.0976863841951703
3.0732197869428153
3.0806187780765053
3.0825719271558576
3.0755256352616613
3.063179570449331
3.0893690970855374
3.0724994454009784
3.08377044413144
3.085173638141883
3.0985861085664
3.0802569651109573
3.073920581686202
3.099777519112405
3.0912336142249908
3.098882871983377
3.084179833894411
3.0681481579590075
3.0711015672259645
3.104701289739102
3.0951019146344527
3.098030192642752
3.079486261920274
3.101453313999014
3.101846142683015
3.0713955350469933
3.0843832384192846
3.088876688386433
3.0886672350919895
3.0868987333250493
3.094143046328976
3.0868055173669346
3.091857281438029
3.0677837586922885
3.0787138774422007
3.0728556943236116
3.0784091373805005
3.093332279877053
3.0635687730664567
3.091782653489798
3.0926384847035577
3.0884551451127518
3.078982398750595
3.0984483484387644
3.072332516407987
3.0852877156112135
3.0977404543589793
3.0759247902450957
3.079240591928273
3.0672222697210545
3.0803918708621403
3.1003247177374824
3.0728418498505228
3.0601388026296186
3.071761917543373
3.0871773284322264
3.0815115033535694
3.073359627107177
3.0933896799423057
3.087894434623724
3.0821450836123736
3.0675457506055657
3.1027116142443587
3.0785311615259032
3.1023342666088882
3.1019765445650185
3.093777065636431
3.1009525508187608
3.0740430836044608
3.0853623372080277
3.0848604962986608
3.0776912338443836
3.081611016784838
3.0772640421395607
3.075869855444236
3.110070616698227
3.0675172670779394
3.0734147171159485
3.091751757302156
3.0796172990384663
3.071509992459282
3.0925298864987685
3.0650409419815463
3.0796252567581126
3.09060900998453
3.094482343353628
3.0915875558333386
3.0796358410885443
3.0871761247751395
3.095010096366888
3.0718110243290306
3.068056034925715
3.070111778008053
3.0860126722311514
3.0654521610217262
3.0620888957853536
3.0948987513590454
3.072837810303174
3.074793989159653
3.101874742605718
3.065513520002821
3.091557965742662
3.0803657126996353
3.0683696470860515
3.0626957711418177
3.0613627230239477
3.071506746018492
3.09475693255925
3.0871417221878987
3.0744882048582456
3.0855022966317165
3.0840489958896486
3.0868957568962436
3.099860472930104
3.0774035858797997
3.087690290502847
3.100664801789919
3.070464028599828
3.0647623634582213
3.0844063794353835
3.069057063035338
3.0801328080902297
3.093799513589783
3.075093204666485
3.087065231456079
3.072301182043961
3.081517845786705
3.086111876166906
3.073088180914485
3.087179931580066
3.096135379030489
3.0661358972337625
3.0804932882266
3.0825717209819476
3.088239498002949
3.0806236103802225
3.088971412621616
3.0779732347789923
3.0943365947759798
3.0844859138609166
3.081401052368932
3.0689442016214934
3.086267530458562
3.0834022843131668
3.0858536874664173
3.0872902679235574
3.0649036664914835
3.0860103516839974
3.0897908535066567
3.086659434785907
3.076945466729043
3.087999020978878
3.082855744558079
3.0836652737926626
3.0795037311209086
3.108330805037858
3.092734603175706
3.078418263537746
3.0811010354482407
3.075596809661402
3.08598349992458
3.067130838266305
3.109560374260697
3.081009576701535
3.068880769789698
3.0885263134147896
3.092176050706853
3.0785830135948795
3.091677094760385
3.080558339118305
3.1097884309097683
3.0884561431046773
3.0938289967551875
3.067023074327035
3.078391675849544
3.0737362010183564
3.0843468679756745
3.0852782055225423
3.073768403513888
3.078452670433424
3.090052680381427
3.080528061806815
3.09895825901947
3.079132667003831
3.1032464479902764
3.0819536389596562
3.075530225676001
3.0788938925184937
3.0691310144339092
3.089961669978536
3.0784333820176433
3.0919538200899943
3.058016292903077
3.1079548400070918
3.064148779211566
3.0685070273513877
3.0954335647534243
3.096367208255521
3.0930965143631566
3.077275771064388
3.077787667608908
3.083557352813868
3.088502709266718
3.0786045567539264
3.083985499722227
3.0601630921775533
3.0760445054805095
3.0738016390677796
3.097410645005272
3.0808479010223744
3.088534579782193
3.0814517719686036
3.0665090253661775
3.0999966835200796
3.0836391417806865
3.081343265790233
3.0940395905950755
3.089184663209395
3.0841786283689427
3.0882467010865717
3.0821194154986284
3.084676386217737
3.0887476873901893
3.0946286333199544
3.083444479892657
3.0872469913641103
3.078430215950522
3.081164587176627
3.0959755827168083
3.0911035995215848
3.072954046216837
3.084490562487197
