sigma=1.0 time=317.18499994277954 num_mc_iterations=10000000
3.348181428714456
3.239128304806569
3.224926065336797
3.1716325881390506
3.1881317386718084
3.1779029327158175
3.1568285992654466
3.121910232963095
3.1532596388898546
3.1500812187387073
3.1175339222331258
3.128979156115626
3.116805521358206
3.1172094958578347
3.112558181469633
3.0819519742471835
3.111979878084762
3.0955745708067397
3.105671331032162
3.0721642673076097
3.0738504633141104
3.0679518959185574
3.066237234225467
3.094241019180878
3.0957081630628296
3.0982964487654097
3.1057040173075663
3.075801207761555
3.0918599738269283
3.1070768917717055
3.0867006803829695
3.069380283498287
3.065514475775601
3.0804088853849505
3.08449821321325
3.091428158741752
3.076693949435553
3.113957048858709
3.1045314176735026
3.0622929152489617
3.107226279301756
3.105117842980461
3.0858115991271613
3.0887713631735387
3.1002731753762376
3.092425085483742
3.0863493621935922
3.0808792469595123
3.0789968316333898
3.1056674569591514
3.0798060764253488
3.0870096820499997
3.087715319739255
3.106582858389479
3.0833849842899594
3.0889946849735135
3.0656062334263616
3.1144781914856994
3.093164285750036
3.0942109436160856
3.077472633376086
3.098645025461793
3.075001912071936
3.077825819422085
3.0939759164411837
3.0721363974984817
3.083527771168312
3.0885069085706456
3.1192436937082526
3.076377860990098
3.080375546282585
3.083799799553339
3.0789595864635015
3.0593308873420457
3.0929313213590377
3.078794833886193
3.091915435043858
3.098793099148806
3.0985488798103313
3.085848282390488
3.0858470195636434
3.1123059586358144
3.0953342577020777
3.1031438081029163
3.0937423775352655
3.0727009708540414
3.0733550475304283
3.0990458147758346
3.092529128140837
3.0947677588427
3.098460554578885
3.109889544159853
3.09367893033528
3.0725360848542036
3.0901203281241663
3.100935931313424
3.089901322662849
3.0908120226012374
3.0892397546495927
3.0811119479718263
3.095199973098674
3.083225577272616
3.081800037745453
3.077203899681368
3.0817586272098043
3.0975815796056883
3.067232727513772
3.095342261961941
3.096585406573142
3.0969601583500124
3.0836713354615957
3.095575849524692
3.086391118855715
3.090091573381055
3.09786999211735
3.0779246816789447
3.0784368859626148
3.072216620275746
3.0888762474044347
3.0973356224028334
3.074219493759032
3.072898443936803
3.078894458818237
3.085324029076869
3.085716440425237
3.074129034398543
3.100044086231653
3.085959352012481
3.0740716000836743
3.07175669171203
3.1000993495239486
3.082296128942162
3.108043307976966
3.1055428691696556
3.0991070947277484
3.1000017693886015
3.0760134606992318
3.0925052660370076
3.09977453075608
3.0779475370056972
3.0797203398909834
3.0807088169425474
3.077853933314431
3.102834158383283
3.064261203268142
3.075225721859492
3.087209327267062
3.078816046525965
3.0725843005748175
3.091953456035403
3.0781600625157997
3.090294011348
3.098201690733745
3.1024983443529788
3.0857403645156416
3.0920957577861006
3.089819149850198
3.096011503144279
3.076078700434913
3.0802894114138257
3.079089596952074
3.092527888692351
3.063749407000229
3.0585209400653617
3.102278005818452
3.0791594177869492
3.078573531779169
3.1070715574411647
3.079692796653702
3.084875172315864
3.0741174209088045
3.0644320045267937
3.0665247521513543
3.0641123367194423
3.0741297447693006
3.0833560906996254
3.0838262150633735
3.08214464477372
3.084814535534854
3.0914748518963218
3.099678029981938
3.1050472845923602
3.0817478425638645
3.0902004103315743
3.1036510625212133
3.0626802550442367
3.070169020110288
3.086956183596829
3.083222313898738
3.090252588553964
3.0943861064545133
3.075967238029641
3.094904470887129
3.072356353431457
3.087358327973327
3.0847270315298716
3.0699301419390914
3.103659355245906
3.0937995540215244
3.072330874320042
3.0835441546402564
3.0852727963558895
3.086192100631907
3.0877727356834437
3.0923748221453673
3.0816115337364756
3.099971112255588
3.0831378078653136
3.081899517269943
3.0703356372448796
3.0929916285153474
3.086643663623791
3.087499175594269
3.085283930168852
3.0738055759783496
3.0837614297965206
3.082283767986638
3.090309747611006
3.0881021958894515
3.0861933071907792
3.083994868124094
3.093207873981477
3.079481207760128
3.112206198771196
3.107886934889987
3.081222443905143
3.0875085019529798
3.0834515775880416
3.0963102171451364
3.0645099637588316
3.1067257243777475
3.076542566784808
3.0734112297966045
3.089951028552979
3.1060564006602003
3.0837671713518247
3.0934780803338584
3.084028022221126
3.1021533115316533
3.096652868722842
3.097192674587072
3.089231268291687
3.093210769309479
3.0824909922731383
3.078562181159809
3.094693269299047
3.0750549300873202
3.086113691221607
3.0952633409009502
3.089579927359501
3.1046148725367266
3.067941407707129
3.1094466849719127
3.0947304154649964
3.089142162940051
3.0946230845804776
3.0740672446724364
3.100106444942406
3.08838054250411
3.088672613496228
3.062730908334319
3.109947455704628
3.0694352001226983
3.0729871805102906
3.0880324675661495
3.1044371806862747
3.093740187882156
3.0837125658038382
3.0764401577801532
3.0912635641384085
3.082557772506559
3.0850359179074878
3.0849941688721363
3.0767176939241994
3.070472774732933
3.073281454958322
3.104464981426871
3.0876281098517393
3.0930945893706636
3.086107482299256
3.0737622224222427
3.097591649950671
3.0852972453341923
3.0881075619004124
3.0964943242811684
3.0978741399343956
3.0854913927222705
3.091540044998384
3.086572505601339
3.094002822269008
3.0983793866834883
3.0959116451327215
3.0878387125209388
3.091321828711308
3.072030006491839
3.0863765070456086
3.0998566044223286
3.101024588704611
3.0761044869095127
3.0889464509499835
