sigma=1.05 time=316.98800015449524 num_mc_iterations=10000000
3.3303693298364547
3.2356852100521643
3.2075076663244304
3.164873688948024
3.1780551321842725
3.1678068712534353
3.16607116488398
3.1101556407338946
3.150324135736831
3.1428382322967146
3.129984782183178
3.1413655633018336
3.119760120649143
3.1223639312803972
3.1181470696928715
3.086573043823284
3.1011165861260763
3.0982295017603865
3.096449971169743
3.0790447068226454
3.083039972841707
3.0836960785960326
3.0763840185483846
3.09299999313223
3.1092515563314316
3.0907605072222597
3.1009204324694477
3.082025304093185
3.095376410939326
3.114391060825309
3.0905231455066513
3.0695806995407238
3.0708785173580524
3.0933205356449016
3.083905096678488
3.0919856844002287
3.0786066762525657
3.1195602194596566
3.1015708522767875
3.0674913276623217
3.1136121936818
3.112575554818488
3.084769643573904
3.1018954298427612
3.1074648436098244
3.0920976327383767
3.098773802292148
3.0889164730787417
3.086449924866647
3.110193535602471
3.080742262103844
3.087021765160348
3.0924612578026545
3.1210259963725857
3.094618194244773
3.103812606290541
3.0780443127249217
3.1216824823901552
3.087401225062245
3.0991402528281453
3.0851039764706383
3.1050874502854584
3.067888412741419
3.086509984412573
3.1050357814483873
3.079665620630066
3.087696426350937
3.091264596207761
3.105510769438262
3.072790133836654
3.0847867027448332
3.092978596745309
3.083342701665582
3.0738095398790417
3.098361660287016
3.0849024210553333
3.0879993483799724
3.0977097985507314
3.1057357666290093
3.0864391006567957
3.085771541151444
3.1133959804714784
3.105172775492681
3.1101820822924555
3.099474316367002
3.080102276172517
3.0718477752444633
3.1126476087849997
3.0991512338748235
3.1004350310286544
3.101102400498363
3.104845372445925
3.1138578646034674
3.0779565085415515
3.0974404648644325
3.1051328125323976
3.0889767219405573
3.098323524389047
3.093283856094003
3.086779369692554
3.1026344381264535
3.0757690576604793
3.080189118334031
3.0818798413343598
3.0858347681384335
3.0970462674889068
3.116987068953347
3.10822642697538
3.095028290831662
3.1031702493317135
3.083927839274889
3.1013660075982457
3.0899128727318357
3.100884219043827
3.1025451679859333
3.0963836111600016
3.088775983340162
3.079439381104213
3.0922775281453236
3.104237431551069
3.078152361730762
3.0766887278204877
3.084891424137442
3.09723163970437
3.086666255235816
3.0847511781927834
3.111816217328632
3.098353793171736
3.078844175413194
3.066082984185986
3.1148377251859114
3.0871587900779893
3.1179817885938874
3.1008326499426855
3.108375792695287
3.103489639600049
3.0834666775168205
3.086243609846173
3.1073551461671096
3.0804373793768014
3.0857924704734048
3.084950426124865
3.088102981234921
3.1066342583152107
3.073544934191692
3.0824344834638917
3.0876488515927583
3.080734073565247
3.0801767923230603
3.106526309517269
3.0850431566710848
3.089348640921376
3.1090769506406697
3.104217460542212
3.088591380503091
3.082623074700932
3.095311523064463
3.0972490260862986
3.0710041082345385
3.080310865224427
3.0828964452868886
3.095014351703102
3.07140468879977
3.069619252504612
3.1007808305549256
3.072721618354629
3.090838299042498
3.1209356695166566
3.0836436710332253
3.100712816448995
3.0787571515561263
3.0735839252973505
3.079347843423794
3.0647050811656005
3.088886895341992
3.092437398365672
3.0869076601698
3.0790148358244664
3.095749433848197
3.0935310739546797
3.1007369334601815
3.109178786640038
3.078013405946021
3.0997450593098974
3.1146259667345886
3.0649019060994718
3.0733198168501974
3.0947134850144495
3.077112709743982
3.0972044308023166
3.09176208082784
3.0767219550663234
3.102285828614208
3.082519954873192
3.094896687564009
3.084840772631263
3.076091774867936
3.1113591598395582
3.102089543081302
3.092152983429249
3.097097807571562
3.0925933109012846
3.0983556770501193
3.109554424847651
3.0944165873340332
3.0870941944343686
3.108192616332126
3.0945524947883394
3.095280418362427
3.069263039174408
3.0968216910918787
3.096790345020056
3.0922519137243474
3.083744993889436
3.0694007130746166
3.1017097538947382
3.0845455757319344
3.0909083425702395
3.0851219180311236
3.08610766442118
3.0892329734530106
3.083612311193799
3.0812072065473366
3.121114752916508
3.101739048204321
3.0953498293789097
3.093643963631008
3.0879027419247556
3.1010173585977947
3.073012108589419
3.1261240220490123
3.0907619768092385
3.0727315227485006
3.0996328542611526
3.102859555037663
3.08275995186121
3.0921912380915075
3.092422643792289
3.1026167172578787
3.0919323085732637
3.0857992561195844
3.0824910898572164
3.085577497975532
3.0878562740415427
3.092905200991963
3.1114539790702396
3.0774393812799605
3.091794390822009
3.100347092013179
3.097546520764209
3.095582688956109
3.0780188527639916
3.1140211360455536
3.0935048503348175
3.077410551306474
3.0902038827005147
3.0861922463394493
3.1084859016276636
3.0883722806922154
3.0913943990357797
3.0652025460401195
3.1190511952178985
3.0646224114500042
3.0757247198186977
3.0939435558987114
3.103503723731801
3.096836602796256
3.088972268562922
3.0793377977861396
3.1013451943080548
3.0914283893205527
3.088274877362882
3.0904851157818105
3.0767313788367336
3.0770571831639817
3.080790838373327
3.1114175337073826
3.100251069377902
3.0992844230357766
3.0946806739105646
3.07698848862916
3.1117850191672507
3.092877260471094
3.0908592081081405
3.105464472579803
3.093386678759026
3.1004698953631973
3.0998320942097632
3.074804670012201
3.0973903074843983
3.106866185317
3.097102433543264
3.0928086726377306
3.0863185006782174
3.082501224102997
3.095854059183505
3.105447643727992
3.102467864037348
3.0784148119616193
3.087571674369575
