sigma=0.45 time=308.2020001411438 num_mc_iterations=10000000
3.4179918261856432
3.299576545284877
3.231182712565647
3.1648331705333117
3.1455024272862047
3.125261082970976
3.1158527404960745
3.1092328718833246
3.0919642344314195
3.0820904717926902
3.0785279779876262
3.0781445251744537
3.0753044878186757
3.0749385896260786
3.0754472162505424
3.0726018084949436
3.0755246104176117
3.074318961592728
3.0807291903045266
3.0725606305268216
3.0727403742701433
3.0746718301333837
3.08109809993618
3.0731083050596855
3.0718548705583393
3.075047701229364
3.0739082947849745
3.075051505504629
3.0720536746210296
3.0752437824532755
3.0779520911036724
3.0814200288143834
3.0731764454215456
3.077689226188227
3.0765484241835406
3.076521183461549
3.0752530024201006
3.073841051436901
3.071431180776196
3.0746374896178406
3.0724485912507347
3.0768584895215976
3.07635986439589
3.075948619114984
3.077458604352686
3.0738130906433576
3.0770992588813613
3.0742758576112963
3.073979106072856
3.078328560676499
3.0765070264277172
3.077882907237811
3.0750104211548126
3.079797532278629
3.075284097610715
3.0804879094721307
3.075896982753509
3.076779446026715
3.0739302262818273
3.0748410338570857
3.076284084943181
3.079881816399561
3.0746967964871916
3.076518580467982
3.0750391534155277
3.079709690315054
3.0770947028893385
3.0800799639057397
3.07316940520705
3.0827524451530985
3.0715427391256793
3.072152878088641
3.0761133420360873
3.0751616714960317
3.0730532145607383
3.0779664555679607
3.0748659746288762
3.0757967963025967
3.071221838622364
3.073247902448591
3.0774012627721987
3.0786683316635917
3.0751232426319
3.074246391571641
3.074798061369169
3.07747048237227
3.0756225898181997
3.0771923684860023
3.075340688737729
3.0768341324941466
3.0766692076720337
3.0785247927126322
3.0726340275576827
3.0782426295043965
3.0787177394342415
3.0784359530665575
3.085944015363062
3.078320749426692
3.0696706645022678
3.0709854129940295
3.075748039110861
3.07159289756155
3.0843788683363975
3.0776872497343404
3.072472865498651
3.0764333407413176
3.0771435578228226
3.0724507655138495
3.0743667877051184
3.0832520005604263
3.0734070796258863
3.077955382324813
3.222357545934161
3.134182507592805
3.084514779772467
3.0755948300678893
3.076688782426196
3.074658684443066
3.0766972826079275
3.0794126408747013
3.0751316675023275
3.077959342576691
3.078389279418533
3.0743975395239374
3.0798288004797736
3.0725491646250074
3.0747758769792877
3.0733417889269488
3.0808996386200147
3.074837857785831
3.078618262677986
3.0717504008940577
3.083691115108479
3.0715208448481253
3.07138308341904
3.074821125656688
3.0812800303719996
3.0793231773943024
3.0739903521000325
3.069652609165145
3.078191422337158
3.101648565878098
3.074177695124248
3.0801885628440773
3.0712970904199475
3.079173526278004
3.075731399434241
3.086661287297958
3.0757240012865013
3.075118314674732
3.076322022341418
3.0707974228345596
3.074745148961551
3.07939888340371
3.0735497683339448
3.0747649449463266
3.0728236366811243
3.075201943172331
3.0738052555785083
3.081801060530217
3.0745968422558665
3.072525056918854
3.0891003239961266
3.0745676973172698
3.0746541114043304
3.082224060759769
3.0796497673491294
3.0772187827409647
3.079089410365684
3.0739439762948577
3.0766108317730865
3.0811038193558486
3.0799899337429064
3.0778945609172323
3.072556031593161
3.0747165438001574
3.074802119632081
3.0765113161640993
3.076126897419407
3.076923627464703
3.0771633007758767
3.0723430695189693
3.073874143054293
3.073315076790711
3.0810104607429487
3.075454942456551
3.082362105894623
3.0745647493739163
3.074559414729702
3.0752801101735963
3.0749157245172647
3.0791538209607774
3.075850590002189
3.0768901263761137
3.0766433279714676
3.081202427011701
3.07662196243831
3.0740108112658
3.07397960696133
3.0779596496413064
3.072305148998007
3.0771192716129385
3.0770792528309157
3.0750162105198333
3.069546386914145
3.0766850771923364
3.0842893827591102
3.0804220710235777
3.076226715597
3.0759468442607845
3.07785938178591
3.0779566869715107
3.084612052888851
3.0795077293542183
3.073885170273105
3.076901558053908
3.0799405495958165
3.0728338366641137
3.071326620120699
3.0762896491326654
3.078805486392506
3.076288742793017
3.0783265809545544
3.0774668422791827
3.0786449669044216
3.0787970960259075
3.0696891230077816
3.0758721938128275
3.0813811262718644
3.0755578747644514
3.0757745769102325
3.079942198851789
3.080676679104712
3.0710650447715477
3.0707739097712787
3.0756583153375274
3.0746966063738292
3.079195967744557
3.077967866083849
3.0767750582779727
3.0763344568205526
3.072212447540951
3.078575134059471
3.0836075170289936
3.0783197922523065
3.076891607990233
3.0800993166340644
3.078777496211569
3.0753476534301183
3.078297583931379
3.0786803248775576
3.0734908598230692
3.0778674533264456
3.07187800145273
3.0730352987733465
3.074914948825454
3.072625080218568
3.0777112407833727
3.07649587888273
3.074782938406001
3.0721632895400113
3.0720377426202625
3.0738893985011067
3.0816431660323835
3.0762858735006153
3.077016730186452
3.07206451408514
3.076120736360592
3.0748657827395753
3.0782012036302593
3.0754585541271435
3.077478715654089
3.077216191966973
3.0770554970431183
3.074767039174951
3.0765229931685965
3.0851921444409234
3.0743797629845946
3.079110567726388
3.076282943586267
3.0808094263723107
3.074443228301507
3.072196404840664
3.076294788651907
3.074372475754844
3.0777046688215037
3.076365862192429
3.0739513560425524
3.075447650434266
3.0733374126738577
3.082000921184867
3.0775456792151927
3.077061822946664
3.0739380225597417
3.076958769150098
3.0806307538096407
3.0788840894662766
3.073053758257448
3.0736470802019555
3.0772119088832226
