sigma=0.4 time=318.0859999656677 num_mc_iterations=10000000
3.514989255169142
3.3657707823592897
3.2891660024653024
3.19096713321084
3.1665638675035255
3.1386398656460948
3.115208491714607
3.1174188082494516
3.0826143181005854
3.080892530564547
3.0822546830974833
3.07550416123087
3.083565705861272
3.0796172809510955
3.080722299251199
3.0779986666789214
3.080921867715283
3.079570224561883
3.080873681736273
3.0798870056946233
3.079181692465493
3.078607554192567
3.0838238597477834
3.0768132754468325
3.0785483013947186
3.0805844070544706
3.0806696949930115
3.0781119846224505
3.0797978017814085
3.081234947733491
3.080111340088792
3.082734520383103
3.072324953031681
3.080898291365885
3.0793644685047696
3.0789911225563555
3.077223197635191
3.0794673192424815
3.0750982578172406
3.081037801881716
3.0781282608386236
3.0831849905359205
3.0786364958340315
3.0772713127045206
3.083689874717466
3.0865578139518313
3.0844329238997004
3.077359382232079
3.0800138800265406
3.0805481179503094
3.0857209638155805
3.0776948149188863
3.082244937996348
3.0836386551880337
3.0802111047746403
3.081224580521354
3.084713536521838
3.0772943198478977
3.0806649615928876
3.083166030720828
3.079228047932992
3.081422359641333
3.0840615943108585
3.0813461542767864
3.075345116422504
3.082135507860544
3.076129080287949
3.0825949537118738
3.0774745580788307
3.0845579558207485
3.07979496577288
3.079512428653583
3.080879914464849
3.075375254799874
3.082868608908955
3.082859832155006
3.089752427798949
3.0812016688701798
3.0745334721073267
3.077400698244329
3.0848905286380335
3.0816368813126656
3.0805334862168667
3.0783106502773623
3.0812462660885327
3.079080316696513
3.081078420060859
3.07905274244703
3.07888193611275
3.0811364463965325
3.080879605014212
3.0827115298129346
3.078978961662804
3.085197699165513
3.0843228398555045
3.07940634031096
3.07606980350203
3.085759768039838
3.0783599164559985
3.0762369334274875
3.075961280931665
3.0812250946309505
3.0815623989650565
3.075051429849377
3.0786102630868513
3.079216020407817
3.0805942570384093
3.0852306813426362
3.081240097187557
3.0792898147067964
3.0786470000886
3.0880689399405092
3.0795959493125835
3.082139786998858
3.078277103496538
3.076789252548639
3.0810958442941563
3.1006182720908964
3.080557284756985
3.081161022239112
3.0790464829864264
3.0859413577069734
3.0820791801910348
3.0802433590525573
3.079042087506836
3.0812181824451894
3.0775670650363196
3.0860762063425726
3.080956355559521
3.078841866753437
3.079989630136314
3.074433176926928
3.080708375287933
3.0747509382524982
3.0735913698572705
3.077810374163856
3.081001741153613
3.08123300134886
3.0794438662413626
3.0784430983711064
3.0782689370345877
3.0783163596395013
3.075986765153127
3.0806707250291256
3.079950611251136
3.081520662193246
3.0794001611897537
3.086159730572738
3.0771619474171334
3.0794935853893475
3.07984681473027
3.078405093243015
3.0792748576287767
3.080023988862248
3.0778384772479126
3.084658838718703
3.0774458588330784
3.081449901458633
3.07844333987755
3.0827088088770975
3.079319474048332
3.07952786475744
3.0895255797844405
3.0789844377415245
3.0834657486314017
3.0774379368643388
3.0822089273701603
3.082484212519963
3.081811404691675
3.0804627168480034
3.083414887053172
3.0793282284086527
3.082640559676612
3.077758490615129
3.07804524178295
3.083116391483282
3.080759913573372
3.0797967071505554
3.0795958766502443
3.074749962332532
3.083498251921718
3.0742358170432347
3.075256308790199
3.080071156452395
3.0823017724449855
3.077437073903569
3.076665144215277
3.081344810396292
3.077305243599894
3.08127920816751
3.0800703603145645
3.0842253384217284
3.0800904826696818
3.0797237982128873
3.089221990977298
3.081638937387391
3.081169001746619
3.0765186020478845
3.0830615603629408
3.0830052140444764
3.0755647921111198
3.076856532482756
3.0805788838987476
3.087117819614602
3.0727825450600657
3.0845167916884
3.0799031744585372
3.0831383726110624
3.078840943473201
3.082036341163458
3.0798345291460336
3.078093155266169
3.0809515637769835
3.075074482038324
3.081661226856536
3.0810347975458914
3.089384124015202
3.081264815335415
3.0780177505414072
3.0805090802683788
3.080833897050431
3.0765949033318427
3.0798635729372683
3.0833506139434617
3.087879453922354
3.076008920446899
3.075112913684038
3.08609672623772
3.0815093734526413
3.0841624741340476
3.078577942374381
3.080728615016302
3.079387040672966
3.075525252281712
3.079034560120009
3.0809503796897033
3.085538166580207
3.079878355813123
3.0855642558054464
3.081815688868269
3.0787060387603224
3.0779510457679726
3.0759154093734264
3.081709770838469
3.0823353300794483
3.0825018771133847
3.081597731560595
3.0818559943039108
3.076454862483138
3.088989943025353
3.0873209623936755
3.0756405739599355
3.0789146110122996
3.0775379131389933
3.079304665817884
3.0837639302250603
3.078635508940518
3.0801966062222155
3.0803050929993727
3.0824237478521566
3.0791734669626916
3.081327030426336
3.0795710817678414
3.082625955256791
3.0776019633905927
3.0840117414978185
3.078845309484246
3.085895167055105
3.078659596212532
3.0825470242771784
3.0765886209580646
3.0769263480014173
3.0844727713267455
3.081832098721428
3.076640939170307
3.0777647923955267
3.083380311539356
3.083631540155884
3.0795743431268323
3.078819509160696
3.0821777322918793
3.079500143102852
3.083135236336986
3.080605020707247
3.0778067758897243
3.079959671476482
3.079327907705602
3.0782672314913717
3.075593448639508
3.0797083110030323
3.0855683059985908
3.0792756423737586
3.0809688000374646
3.07979757625388
3.080847840111836
3.0772612035139604
3.0789965396162886
3.082337540633704
3.0805348332713773
3.0770652563819434
