sigma=0.6 time=301.60400009155273 num_mc_iterations=10000000
3.3031633275732233
3.2099454383679653
3.1692910510250334
3.156275268222424
3.1491271319225285
3.1868499239654735
3.1494139863009356
3.13991238942714
3.1364283325639275
3.133948322069848
3.124417208166114
3.125941846120351
3.1259694569317524
3.12403470927884
3.1196070342210755
3.1179575225177674
3.116610326665651
3.1179426221610043
3.1224367302706413
3.1156357020053655
3.127307398381522
3.1125790746362316
3.117387643694687
3.1165854740189616
3.1130977309810866
3.116178261875516
3.1191772258818093
3.114082696376578
3.1161227616462455
3.115254966666076
3.1181417867230707
3.1170799422255553
3.113849982657357
3.1139756966273877
3.114771770546736
3.1192748774253025
3.1232065351575264
3.121802618510505
3.11830463334071
3.1208185812278053
3.1168101104558272
3.115028446177299
3.1171738389508055
3.115035506552621
3.114455890955164
3.1119306001263434
3.1133424731075636
3.1194306076403397
3.1138565428889775
3.121352645775103
3.1104210769940766
3.118670936573734
3.126743329014052
3.1218389215686337
3.1170717450625514
3.1196306726853456
3.118382449661179
3.119793414064746
3.115059210500285
3.1172273770821555
3.1146590174384903
3.1222852942933876
3.123998773658169
3.1152843869629625
3.116487671036014
3.114652446451719
3.1141785046850674
3.1178179848505243
3.118766097372865
3.120775636711998
3.1130351888636763
3.1129062998202515
3.1121641127837507
3.1191883213289024
3.118486673798438
3.1183084350907473
3.124807297905098
3.1162545777372586
3.1211733614698005
3.114417362837033
3.114564663266583
3.1198767343772453
3.1204718991543214
3.1163136441860355
3.113559578483791
3.118428919102678
3.1099061703240394
3.1205002932490635
3.11592121443529
3.1162733588720894
3.1173630843629017
3.1250179093292325
3.1139175783794317
3.119252220004151
3.115933270967649
3.119076434147307
3.1200455059580334
3.115593704902918
3.1132391171828897
3.112410916741541
3.113380658571751
3.1129428088983566
3.11871203694331
3.1151202740789583
3.118218222292086
3.114999914334624
3.1185641686340877
3.115738175096601
3.1179466372529623
3.1176677678985296
3.1154291539076415
3.1140534868606435
3.1220193140317622
3.1178121742918266
3.115830614193079
3.1155908597760122
3.1181526396048573
3.1212249031636574
3.120028575168792
3.1148431084009576
3.1158097859299043
3.117870699138054
3.1165298023999144
3.1135658270259934
3.118131093791506
3.1147112170934967
3.11580784491003
3.117729796100299
3.1179964942008573
3.1169773238036234
3.1116462244845753
3.114078807728712
3.1185007553655617
3.113880215471897
3.116402948757799
3.114334610959833
3.1151979545262067
3.1188098411793956
3.1142476048190226
3.1140445396400405
3.1151093401423005
3.1201091386393247
3.1184371684772665
3.119904591883453
3.122594235807476
3.1134965766513405
3.1176116119147324
3.1158110977821734
3.111275550463582
3.117843170498686
3.11314353268294
3.113529212844156
3.120725434060707
3.112614285341513
3.116301835152976
3.1175884530221043
3.1150371443279226
3.119072693336321
3.1159998696132387
3.1202316271409027
3.112581828760891
3.1315084263089084
3.115995083384093
3.1175152351538373
3.1186428702734417
3.115826198609213
3.119335061759168
3.1124705760248634
3.1133399157911197
3.1221022649741546
3.1119570670108994
3.1170353335766454
3.1154612542525877
3.122818085901342
3.115037579718047
3.114595568305563
3.1081358909993315
3.116322574710035
3.112366749337364
3.1135793470801536
3.1194181423664586
3.1174027032766927
3.1137133799857155
3.1208285877024196
3.116056664818258
3.1175180909622706
3.1193819517498174
3.121216784861565
3.111702780959747
3.1160245634824473
3.1216121283789646
3.1141941280762815
3.120797116088593
3.117249059634664
3.1182029126408137
3.1221268308103496
3.1137448381422224
3.1162291846877492
3.1162201220793584
3.1122006533197464
3.1143836210539164
3.11777634487214
3.1187408990941843
3.115265470357747
3.1139444261065816
3.13004464548965
3.1371498581730815
3.126442023923324
3.113039662126368
3.1143400691152205
3.1131628680767096
3.112743985380315
3.1168787233504256
3.116054249523687
3.1141709384190372
3.1176367833922956
3.115961180680821
3.1126514084448087
3.1142309489741673
3.114596166377547
3.124358534024118
3.1189439315076637
3.1139701245208724
3.115168914301377
3.118147089618175
3.116149719814639
3.120210365244845
3.1167348950347984
3.1169517570790863
3.116396956084925
3.1198684985330813
3.122961792236559
3.1149141321665765
3.1116914520131207
3.1120864549244835
3.11446179659978
3.1157157211925637
3.1189341917204003
3.116764534250003
3.1101247536674346
3.11577687760124
3.113356262361346
3.1188978589299707
3.1143201025094336
3.114479035252922
3.1174240389713104
3.1117682311697052
3.1232740783513506
3.113949494247424
3.116182636849537
3.1169008503202016
3.1111697305511874
3.1134088747295103
3.111248756190417
3.114625594405462
3.115047025678149
3.114025749624027
3.1139118131945343
3.110154984180172
3.11454565337006
3.113067030720502
3.1181026536581644
3.1146464323963503
3.115615838472375
3.1234541177859962
3.1156400651307736
3.1124015976231303
3.11231906299277
3.1137993463660085
3.1203649837534795
3.116733696298853
3.1190308660290746
3.1234800119814614
3.1144136038077836
3.115517386641361
3.1158854259644326
3.1225827942993796
3.1139701698622315
3.1111178558977577
3.1114805268971146
3.119530684262633
3.1123693930196312
3.112226046758197
3.111537038042316
3.1131329220001493
3.111211780174885
3.114219091825041
3.1187899035770235
3.1088065872544535
3.1143031580785143
3.1156517770520553
3.1179073673908033
3.118204052914493
3.115480725002476
3.1177881832555396
3.113001717597765
3.1122848351995596
3.113013054151165
3.1169033159475723
3.1200204339027255
