sigma=0.55 time=301.6410000324249 num_mc_iterations=10000000
3.31860687728277
3.2223908304565057
3.1784270258695506
3.154375877406513
3.1418632564679316
3.1356696689172296
3.127545696182699
3.1193796018295084
3.117768591186587
3.1101838816579828
3.1081164651053994
3.0972897829456993
3.10527362733345
3.111865847452712
3.0968408302072117
3.0962492471606007
3.098449589353729
3.097944370719539
3.1008299933305588
3.093915815337005
3.0954587238917686
3.100652616661366
3.100276456207528
3.0960820671508733
3.093405159751681
3.0929876655015507
3.094824950408017
3.0935206066810608
3.097267963102357
3.0953942792107743
3.0931297229776926
3.097777212820856
3.0942593810982593
3.0935324970724714
3.099768416094263
3.0987086206892687
3.0968170714247902
3.099535106966441
3.097975263577585
3.0957074054242573
3.0995393818065153
3.0966526415539715
3.0941488735365534
3.1000444209331524
3.0967796011782416
3.094943265840084
3.1000037141629155
3.097144330435163
3.094181706666713
3.1038485734662187
3.0953264679500205
3.09844763563715
3.096962232080276
3.10128551183174
3.0964211816214617
3.098996082190462
3.100950643354492
3.1000436274267873
3.095548542180027
3.097746979346274
3.098155394014919
3.0964105935952735
3.0960520642203138
3.0962601228834763
3.096136497024461
3.100029759368568
3.0937111367931713
3.103926683025138
3.098445264052036
3.0986855161843185
3.096766161466402
3.0928669284985815
3.0894617568430207
3.102087547094627
3.096445073870896
3.095506285440943
3.098623325730962
3.0978273113895556
3.0994280874576488
3.0928046006899814
3.099770896926288
3.098415183771146
3.098693535118367
3.098518303138385
3.0943679481326045
3.1058541540975795
3.096300698152714
3.097121479446654
3.0987786878815693
3.098560089600791
3.096691753120394
3.0998166881340965
3.096953876239655
3.096975670760494
3.101877072970271
3.109265513389362
3.0946595718801384
3.100619826477611
3.0920072310850393
3.0946144678039795
3.097510917549203
3.0934621526773367
3.100859352486227
3.0984135052005026
3.0984458459941058
3.0967608574349836
3.0956393488683798
3.0997536188998125
3.0969869055338095
3.101688620605876
3.097614232356385
3.0991181602734637
3.097213057222456
3.1024147084543365
3.096620101325123
3.094167330172992
3.0958173878373945
3.099161118439058
3.0988913712628157
3.0989137908108053
3.0964772669486775
3.0990003653302165
3.095341868860934
3.094097801577179
3.095817984545879
3.0979052710241795
3.0955687520313355
3.09356576862358
3.0993922896166612
3.100717095958811
3.094898449038103
3.0926589395241484
3.097136642408312
3.0939477914451285
3.0952652757083543
3.091532345539076
3.0971401182291873
3.0964162012746312
3.0953920850898995
3.097200532212857
3.0966163968916387
3.0958794271533154
3.0985699860430347
3.098372148688873
3.098747251200864
3.0959096326966336
3.098478808270437
3.1007440623861124
3.096295925118553
3.1021832462404655
3.098452732714396
3.09649818355482
3.0952608297839497
3.094926521534213
3.095766781456438
3.0979192247759397
3.0999995433456125
3.0971416846703748
3.0973275288999784
3.1039204457998353
3.098366565225423
3.1025242056884954
3.0978065827698806
3.0998002870548067
3.0968469854212897
3.0962904960636037
3.0983666444824647
3.094411300969631
3.0952039182969573
3.0907275943670007
3.095726564774025
3.0970269898706286
3.096767834430937
3.100210130571027
3.095932507329015
3.1037250234954015
3.091712977403914
3.099113575619806
3.094594488964168
3.094956192931433
3.101818562759053
3.093373503672985
3.0974494242482447
3.096003930473236
3.0955410357764084
3.096797581123307
3.0976925467738905
3.097322511169892
3.1008077158507117
3.0918145771129666
3.0999225966238675
3.0954348079110248
3.0981649886714657
3.0933455941430625
3.102808347348354
3.0998379913936316
3.098293760117443
3.095974509660966
3.091765165638541
3.09394116785558
3.094723264197415
3.096124235647273
3.1035921569628977
3.098086640023937
3.0943957105449127
3.098821918204037
3.0948072013448975
3.1028449444750423
3.09453610158766
3.1012795616604882
3.094616184980644
3.0962146628939453
3.0974107068178967
3.0973448666977488
3.0934188181737987
3.092898952132889
3.0985385325894477
3.0917619535107668
3.0948829032501
3.098980250530024
3.102701362401955
3.0967646740243504
3.09814766915838
3.0974375782438157
3.09987593068911
3.094569503225122
3.102850370900439
3.0988184437876636
3.0942817006934504
3.098915550454909
3.0984843203519294
3.1043461452353704
3.092489983581534
3.0920868308358336
3.09380072911739
3.096654707444199
3.09395696714711
3.0981340781492355
3.0990034613892283
3.0903879744991136
3.0974680588531145
3.0960599987004285
3.099011740325745
3.094636088742622
3.1037380697343266
3.1306527094721317
3.0964736514893385
3.09954936924258
3.101831384748463
3.098273350190991
3.0980628562975414
3.091962304691763
3.0940205805588623
3.0999131134224007
3.0998044756963217
3.0953821262667747
3.0978966161437396
3.096497107813344
3.0919259985413503
3.0973136305804836
3.0940080090319984
3.099393125650892
3.0971513999462994
3.0984668004261122
3.1014151715688243
3.096056929245306
3.097564780498318
3.0991904780608626
3.099926153858782
3.0936329366920376
3.1021326568879553
3.1260036490950314
3.100862385007504
3.1059846751743003
3.094667045919842
3.0964172723851227
3.1017960746996813
3.0998098971825994
3.0984194734593102
3.095524784193539
3.108149326670939
3.0963982108221546
3.0963439447353895
3.0927042787291192
3.100007626930561
3.10399674835959
3.0990054879426916
3.0978254880147555
3.098136132970768
3.094993489801984
3.094701928807434
3.093770551154977
3.1006680421064994
3.1020736209802267
3.093562545470329
3.096853601866294
3.097461313834161
3.097178659232451
3.1014719354793545
3.0981865219586524
