sigma=0.5 time=298.9140000343323 num_mc_iterations=10000000
3.3575505979440647
3.245130299553993
3.200308641434383
3.158531235036925
3.1452775145226206
3.129445383825945
3.11667341656039
3.111064950766341
3.1005447182016943
3.096870049578225
3.0882238226695766
3.0858852976717603
3.0898298753690785
3.0862628885514614
3.0831828136097355
3.0836365345566756
3.0823195641141763
3.0865103266986895
3.0844602262818253
3.0792591379662646
3.079673133094876
3.0822684815314143
3.084143511830215
3.082494813288162
3.0822041808292306
3.0821806361949955
3.0801804556774948
3.081928539837986
3.0822183354437533
3.0817199943038838
3.080941941125503
3.086486750445412
3.078737887757842
3.0844313734022335
3.0824153622037023
3.084283187512773
3.082442894221037
3.085961054458897
3.0804571823836
3.0832725186214542
3.0825705516812136
3.0825363465931317
3.0820290459210025
3.0818832939129313
3.086686928016077
3.0796809504382674
3.0871723700756966
3.084074818637789
3.0802086401536024
3.0857750308862752
3.0781102877007473
3.0856104603451975
3.0814441132559276
3.087913679591352
3.0830764082918956
3.0865410416637316
3.0848358831439553
3.084771222229366
3.081967824333585
3.0870149528658257
3.0837189888611105
3.0841393944435427
3.0846419862294434
3.081247221057087
3.0798394425960294
3.0866986052293557
3.0862064234588376
3.093287390885983
3.082467773016287
3.0881353578291226
3.080679295368841
3.0830245250479043
3.0771698559201397
3.0827254709642204
3.0812935695547052
3.0814448836731776
3.085251621593699
3.0866996377089935
3.0827022610272206
3.078322135428802
3.0817753917904644
3.0952875809963682
3.083533334397798
3.0801416538270314
3.078752625365517
3.086016757081035
3.0843173868654983
3.083916495859631
3.0828767576150695
3.0822017720631467
3.0879304550475224
3.08690440487987
3.093661419127402
3.0840156538633554
3.083709501097921
3.0865534648151836
3.0839507863377267
3.0851513547629565
3.077514986474754
3.0826479106033653
3.079626497590566
3.0823631064767785
3.0824296913972207
3.083877823896248
3.082201257739065
3.0828180543801516
3.0824349298679765
3.0798303247646692
3.081636030337263
3.0831234964770124
3.0827494525157837
3.0850528076298884
3.0827597869136323
3.082124515393247
3.0863450167419155
3.0819073336065586
3.0805901077292055
3.0908825409552607
3.100957131191724
3.0846615253311924
3.0791314266117364
3.086237154467412
3.082008638381557
3.083198689141745
3.0815272110349716
3.0791079984230514
3.081958872080391
3.0822570247284986
3.0816928302224347
3.0798130640097403
3.0808426143796575
3.0828728176047
3.083103688620388
3.0825047598895106
3.0804976602234144
3.0834798168623867
3.0848024449453386
3.0863984599501815
3.078443709059222
3.0798304985216243
3.0819239050831935
3.0835582247938285
3.083378170830599
3.0815143731445884
3.0840031712234492
3.084082219849415
3.083685074682065
3.0874198208002337
3.0876346209321652
3.084074679373959
3.083026281640323
3.081353531919872
3.0817568769250867
3.0874997692675983
3.0815310027269995
3.082012419205763
3.0822421510202282
3.083877203939078
3.08094705262333
3.089914029834809
3.0843958519726247
3.086496048339926
3.0799623952528137
3.0865918927754317
3.0829065926850787
3.0803597865008747
3.089542892578385
3.0923256452787644
3.0834581572466115
3.084206699662007
3.0823165988833643
3.0829662073766753
3.0870103990481055
3.0863962014543604
3.078520835728446
3.0854979861283907
3.0785929946194392
3.0857657976277806
3.082556430428371
3.080399837328595
3.0867801323127786
3.0811499592560407
3.086357530813675
3.0827024122158218
3.085439726308738
3.0835243558859378
3.0795712298152704
3.0824526559091874
3.0810329348289653
3.0785327348415747
3.0838293806485653
3.08233065083895
3.0856636709910648
3.08251565518711
3.0911456665357173
3.0908327325490483
3.08101390919663
3.0822738887806365
3.0786338162063798
3.081638747121587
3.0878010288168927
3.082115946552312
3.0821678900538108
3.0823751218551916
3.0783944816739512
3.084488571298389
3.082177739234437
3.0840708135767985
3.081737225253209
3.0839151906404503
3.08695940902103
3.084826705578167
3.0853148320143107
3.1105617037496036
3.0841206755699355
3.079342650918173
3.081327030919589
3.080560761305347
3.079040656606598
3.085458164138415
3.080929167293134
3.081769408193995
3.081483109697023
3.0835472880780745
3.0863196292880013
3.0835135010137846
3.0847436870531273
3.0853359682638706
3.0829449315182056
3.0808521645182108
3.0872119943796323
3.082768719452572
3.0796939892256194
3.0815503258363397
3.0780154341193455
3.0797352797399764
3.0812084119271925
3.084159849408879
3.086301949313695
3.080246200176223
3.0820016284254166
3.08148768872795
3.0860948772583217
3.0822093115051374
3.0846939105949027
3.086436503022133
3.0847526506351133
3.0823141054147407
3.0827759505115178
3.0872489808717294
3.094225517873822
3.0831629677678727
3.0828412770906497
3.0866028296134105
3.078795799197355
3.080677123150248
3.0821228670003666
3.080909619033773
3.082297322983597
3.081262416604148
3.0842688217022
3.0800276460068017
3.0836607843024435
3.0857654227336746
3.08689771116063
3.0865567615424045
3.080146502838565
3.087591077305807
3.0844287927803316
3.0852337571904145
3.0852940909933624
3.0860530444076266
3.0868338219897957
3.084778714904242
3.084128924678192
3.0804153897339535
3.0890820196152826
3.0795141257709453
3.0816950447356364
3.085957524184031
3.084450560440717
3.0766324988294897
3.0803400741668696
3.0824469609195297
3.0833645426702265
3.0853433406762996
3.081689128400514
3.086050987029838
3.085551285004986
3.079063737832947
3.0819347541168307
3.080391091568111
3.0825839552990812
3.0790780432088587
3.0794246281729483
3.0876984519299535
3.0834506648293964
3.081403888477083
3.0773315449870466
3.0814475176120193
