sigma=1.05 time=299.83899998664856 num_mc_iterations=10000000
3.321235391580472
3.206021266358994
3.1980083904844476
3.18492332899168
3.18401456977061
3.17008972720487
3.1704667195109306
3.1737755706123547
3.142636200568556
3.137996892748078
3.137230906963498
3.1281248166599736
3.1130503871061026
3.1128124102271704
3.1102890593724073
3.102605702162165
3.096575069312841
3.09504643542052
3.0934603028793046
3.093250183966436
3.09767927594736
3.0966102069464916
3.097283740850607
3.090057859720718
3.090504480534573
3.0838459347554217
3.098764961980689
3.0910325803667
3.0924036755132844
3.087114134693996
3.090615795028606
3.1018205140628408
3.084629545180319
3.09277640220633
3.088375849025157
3.082590394797721
3.090114251823214
3.0878960584074306
3.0847473350585446
3.0903811364119878
3.087531583807455
3.086488109426631
3.08632195646371
3.085775340740991
3.0916552393182255
3.097801462892537
3.0908974535756566
3.0871987037994137
3.0883817340644537
3.0846152217738494
3.091241287263766
3.090610994578643
3.0907542114063116
3.0899497582592805
3.0878350677436743
3.089799284845436
3.088830414515497
3.0944530732737436
3.0924642661467088
3.086409745795599
3.090827805822477
3.1005553202424414
3.0962598506278103
3.0871113706419915
3.08553783150714
3.0886968896291602
3.0841155383009444
3.090730258273286
3.086510976954081
3.0842735342406358
3.082155615995123
3.091363231040354
3.086204762260209
3.090532721141496
3.0880778195093748
3.0928252079495584
3.090726268797316
3.0941743526739267
3.0863170449540815
3.0898716959944195
3.1104876188788713
3.0910651775020788
3.0899738539145805
3.085873762488179
3.0868219744747796
3.086259353477762
3.0947156373694917
3.0881356870961727
3.0879204813417296
3.0911370732057253
3.0918923087846437
3.0966522178828715
3.0947898760137083
3.0863960274520017
3.094176791675515
3.0873145957911126
3.0911126964976017
3.088055060528301
3.1015771897220272
3.0810345146655984
3.084701857773647
3.0888005363498237
3.089687618788
3.085591316177579
3.0916385029460023
3.0838973372914045
3.08358013456555
3.0904955785095787
3.0847093472734413
3.0887895854560146
3.089613793054447
3.083327506514932
3.088008393403969
3.092994543683609
3.0963472090732505
3.087922055234441
3.0874607622914145
3.0989957125650998
3.087205243347916
3.081453319585664
3.0958253337021238
3.0851996658098018
3.092849476219363
3.0903694396291947
3.093552852656654
3.0865903037080167
3.088857716757612
3.0932349621754787
3.094138767662214
3.0860805546840884
3.0925116105507837
3.087957524752628
3.0926592201444314
3.086617205061784
3.08742409897915
3.086821412343536
3.0905229703200936
3.0867954272033296
3.0836906965034268
3.0870691311086182
3.092569815110588
3.093359357904676
3.0914176097242265
3.086736265304148
3.089456896807559
3.098010407910213
3.0893332322693094
3.089818798022819
3.089424482183127
3.0920449744329956
3.0890373849953314
3.0848393821040756
3.085305648580497
3.086205364744891
3.0796424719083144
3.0912433384151203
3.094161195356243
3.0826546281877656
3.0861114931068325
3.0916460075256302
3.090786916348418
3.0884294611042917
3.0911248404685128
3.0889013650573216
3.093402863921367
3.0922100201563274
3.0905753040001147
3.091230355893873
3.0859743989936326
3.092452858167184
3.091300280781326
3.085602789169623
3.0888516335493
3.086600275967737
3.0906974452469824
3.0922303938168527
3.088456090094894
3.0876724924821155
3.0937726979061733
3.087831461896364
3.0833572829745046
3.0915151427624123
3.091999977883026
3.0911566473726153
3.0853600032632302
3.092431519587525
3.0901137396367186
3.092832227150668
3.086534110926802
3.092338353072313
3.0887253201217946
3.0822054506432672
3.0815637713112847
3.0802309045570175
3.0887565842284572
3.094436383696999
3.085198214878828
3.091262636465084
3.091599924205882
3.0884984900104824
3.084369915896332
3.0921237040345564
3.094865672762509
3.088522479210852
3.088896899974789
3.0968020463201196
3.0897605936356225
3.0913573226286384
3.088300868516405
3.0922724668883323
3.0890461473538413
3.087739299490764
3.088858992775293
3.093376240000902
3.089924249307283
3.087892479024552
3.0952721828595275
3.0888908375480773
3.087394395658119
3.08543373597556
3.089153287100479
3.0885436265790465
3.087133105287893
3.0878150104358326
3.0871767664280747
3.085908768325802
3.090999964018238
3.0920352879137623
3.0910867435125007
3.093264192993278
3.0844861180021295
3.092606659060673
3.089067934986854
3.0907138525493734
3.084202033465157
3.0869652520165145
3.0883628215739107
3.0845750755297527
3.092445484156894
3.0922949737305854
3.08958278459131
3.0909158909341192
3.0865086316910335
3.08218374946476
3.094980017687804
3.0913723529865993
3.092977544485718
3.0847096044244693
3.085541414909188
3.0848505135824014
3.0918948342014385
3.0955421077561867
3.0889508190824526
3.0876586614301607
3.093413378457495
3.0817378030913387
3.087040118426666
3.0887562530162413
3.0942442734145494
3.082607190873801
3.0874669205132155
3.09234426613704
3.0907549732751174
3.093645100935829
3.083421523155092
3.0922756774542766
3.093336968027619
3.0846656228922686
3.087557646956101
3.088565288915731
3.0900201105649536
3.0857505682411137
3.094814095630102
3.090118517899366
3.090400778425315
3.08660465727838
3.0976161944748397
3.090803605491137
3.1087651960848133
3.0944381219202963
3.088261035598632
3.0936159072200504
3.085329229404618
3.0925940686098765
3.088420810567389
3.083115874404858
3.085679724217151
3.0866542715571588
3.088074015950401
3.0887149071158637
3.097860855871692
3.0861609966862376
3.0827615703655393
3.080992747707398
3.0888612447875796
3.0923932704811095
3.088420101552446
3.090494409501947
3.0896590014511096
3.0922876617819925
