sigma=0.9 time=302.9450001716614 num_mc_iterations=10000000
3.4122114001729384
3.2889251651648954
3.241420644034575
3.218383714891157
3.2127965549451996
3.1949100738415983
3.1861425062804978
3.1694053904861743
3.152095705916895
3.152384800011441
3.139834339363522
3.124671554113045
3.1177389008903114
3.1042489321097935
3.096014036900811
3.0907646560704714
3.0878542441829766
3.082193469406305
3.0775605772199657
3.0792080155824446
3.086636835950533
3.0830604438396327
3.081108667768018
3.0835908893976804
3.0788649451579433
3.0789601072869783
3.0805165079273666
3.079212507519841
3.0795111740904284
3.0765561195653106
3.0816523920542664
3.0839789224154974
3.0866103186479346
3.080140258937323
3.074773817932707
3.0821451228358208
3.078194430225696
3.0859075239126827
3.0784114042992425
3.080571217878767
3.0814141910455684
3.0821643258660134
3.080531444360316
3.0815821166550084
3.0831485628529838
3.075102072348223
3.0806424262019734
3.1054501212182526
3.0823376198124945
3.0779105435204452
3.0821072611643467
3.078893545369066
3.075403457151216
3.081187904628999
3.081638601549412
3.077429450538074
3.0793833305376124
3.0815707554971783
3.0809083412855136
3.08006628065163
3.0772208723682217
3.0841736510175215
3.0815159676531354
3.081044989370884
3.0788572609859948
3.0861783424753613
3.0768723137732974
3.082831538195589
3.07409228776497
3.080681662230844
3.0705813816193928
3.0789625079775544
3.078547744850574
3.080657334192198
3.083131780904657
3.0822256975653275
3.0820961440505097
3.085587089300702
3.072216921508313
3.0756596834051586
3.073873876097249
3.0776186689871126
3.0833330259387197
3.0793904837774666
3.0774640987411868
3.0745794464605964
3.0843765659382636
3.0860741340919766
3.078500024274594
3.0794268886988774
3.0787838801996648
3.0863250063996754
3.081028066146135
3.0761524328937795
3.089388321988564
3.0800434428747856
3.083432838109989
3.0792270085792626
3.0793812786863466
3.0760435571547173
3.075605644427574
3.077254202047541
3.0791778730615085
3.0844032410797397
3.0783936963384115
3.077315225598684
3.0786755927257285
3.0823598969554236
3.0755251425783796
3.070802724571115
3.082156293251365
3.071251145114207
3.0824746553151106
3.083033352774981
3.0865134185530905
3.081547794743695
3.076527187494496
3.0820417700584692
3.0737948383345244
3.077600941395221
3.0814131138476135
3.094157641106064
3.0790203473950783
3.0760395960560842
3.080797431501578
3.07425302187182
3.0792797454070095
3.079702356593578
3.0905280390844307
3.0794111799561996
3.0817235223295616
3.081864323409215
3.0906752443931835
3.078325120223467
3.077358262314211
3.078413185323151
3.0785810262431967
3.077600092105264
3.0786638389194363
3.0795745699413315
3.078983216793128
3.0848460765391152
3.0828875133921003
3.082661888481124
3.086817659866778
3.085886624909226
3.083377858525551
3.0804799841686195
3.0789569985609666
3.076770233058625
3.0777402040643613
3.0823990323246235
3.0763210937158276
3.0820742391389953
3.074482717073704
3.0832818898097503
3.0769959806469793
3.0767024184969
3.078715938642629
3.0747528832280535
3.0778890193900357
3.0773442926177914
3.0773478734780073
3.0775253520889634
3.0771040176665987
3.082448494653455
3.0771439363909243
3.0831507599766756
3.0738556910130206
3.0768996290972255
3.080042770494681
3.075570804322768
3.0850089186745464
3.0763986957495297
3.0763292799618718
3.080424606565155
3.083510853513532
3.080420570435134
3.07865382549469
3.076947262901864
3.073612653274942
3.079744342400312
3.0790893696694397
3.0805783515929774
3.0797781652082823
3.0810061461632263
3.08167756270865
3.0789234838524697
3.076262804507705
3.077118683916663
3.0819335319526533
3.0797977142889064
3.075170728648244
3.0740275928320857
3.0801884759436557
3.082307587071655
3.0808026766137946
3.075529234377621
3.0769465910637903
3.0797563504812273
3.071401569824704
3.0816399350635586
3.078437651601486
3.0775340757615135
3.0770501493126847
3.0760441338847495
3.0792618115236645
3.0784760100625492
3.0894843423145715
3.0839967839957
3.0791251152614847
3.077914737997566
3.079208129462478
3.0765431383263833
3.0781751831325974
3.0800779816824315
3.083957063234221
3.0773808747413622
3.0797017248805614
3.0786279145577407
3.0808254345711035
3.0820762610343397
3.078958245429089
3.0729947449922563
3.0734244434020948
3.0744432768229166
3.08300462634791
3.0823929410135786
3.0819497498147603
3.0835315110043475
3.0745267770783857
3.080171424582262
3.0817220164510584
3.0820856580930767
3.0772030603228906
3.075113505572481
3.0794834120607226
3.0772265245016595
3.0808386419544567
3.0811148682251353
3.0794499710809196
3.084048617608726
3.076216180271859
3.0760303192501683
3.077770346682244
3.079730517637089
3.0821573621919955
3.0779898310282743
3.0785879782404697
3.0762208012830845
3.080766645139163
3.079123446133028
3.081904604661612
3.080490881714339
3.086493726709578
3.070780940852084
3.073916796033553
3.072912710183085
3.090747941540506
3.074835421514667
3.077155997118957
3.0858663745456525
3.0772711954458023
3.0818239846611353
3.078184110401175
3.0787280087091755
3.078971236089641
3.0726598592363996
3.0764829845022468
3.08467016833927
3.0793298699700373
3.078457977157324
3.0859836154881086
3.07780972273241
3.0795106758485042
3.0796193918680586
3.0815049469223443
3.078091908078649
3.076131207197388
3.0846982973104
3.0764240768891513
3.080732405581982
3.0826035239935337
3.087199499239927
3.0738876403134765
3.0748284589341415
3.0778461896210914
3.081663132979875
3.074616060544517
3.077620054777793
3.0835837536029955
3.07740022437752
3.0755128411324724
3.077695291566461
3.0763380423393207
3.0784291210200347
3.077077265215736
3.0824962920871437
3.0790591781778516
3.0769942322894432
