sigma=0.95 time=310.9100000858307 num_mc_iterations=10000000
3.3724309181668453
3.249009026564462
3.2318505698989215
3.207163399733619
3.200453150682536
3.1816448484480957
3.178951900749713
3.167314017248293
3.1477713722985645
3.1435195609942976
3.138751824798233
3.122270679177536
3.110022788102952
3.107028443740167
3.106929370471648
3.0908274701809026
3.090072878257764
3.0825431545857325
3.084554805645767
3.0897740803949034
3.086803323558202
3.087340850858447
3.083862891670272
3.0859099788215913
3.0837828182753677
3.0800737800508986
3.080700075015102
3.0828500386087536
3.0807308188354368
3.078386807564411
3.082404872474308
3.087881753639329
3.082835804741549
3.0816524233304046
3.076931823525131
3.077738397324839
3.0814065527399483
3.084271079099913
3.0759484299107354
3.080522450162042
3.075336785154065
3.0762112533001766
3.082101780521015
3.0766360875257415
3.0820337541451717
3.07773211795832
3.0811440507840486
3.077634259826704
3.087659375753591
3.076529993009902
3.0825156015285744
3.0792085264109814
3.0803963294534875
3.080740392017812
3.0784166492335703
3.0820588815648127
3.0808639201811188
3.0857651138098707
3.0874629569403296
3.0798451695745457
3.078602188784121
3.0813265981079656
3.081901500121354
3.0809241702983803
3.0768735275647683
3.0825658190162986
3.0777363646772655
3.084273776894316
3.0745594490224595
3.0799106358595703
3.075838000604345
3.0825282737691375
3.0755456901540117
3.0810830708135684
3.080875298097084
3.0822482824462822
3.0825895914634294
3.0842733630370605
3.0782344770949868
3.0782665537186658
3.0773740189926957
3.0777977536818253
3.078855284132722
3.081085484741408
3.0789330921977887
3.077973892760714
3.084435358162221
3.083049222052921
3.0777935813785513
3.0811157456545484
3.08233551522485
3.0895809171826643
3.082990092826333
3.0824578275421866
3.0891928493173584
3.078287129296622
3.0866103759856225
3.0813729818925255
3.0816532274597392
3.0760442288200243
3.081257874590852
3.0843099095088413
3.0809379726052493
3.080356344672642
3.0814243868544082
3.0752707247438433
3.077404652272602
3.0841521988590954
3.0789834648378402
3.0747380076562374
3.0852040864779235
3.0764854163854336
3.0845094428499693
3.0858570905200935
3.090886643459361
3.081825479704228
3.0773636835983873
3.0818484733960916
3.0773270732282505
3.0720150887447417
3.0843532447601936
3.082407627438635
3.0805027957617934
3.076602981264529
3.078895795568586
3.075616873778372
3.0779194134446524
3.0831732712495756
3.092545973580916
3.0886550093335843
3.083038493059065
3.078962014649943
3.0870394241074917
3.07749369181801
3.078455170504264
3.0782802605637354
3.0786411561624054
3.0776714381713046
3.078180226791532
3.080146902520139
3.0851557186643435
3.08473285646609
3.080846750130241
3.0824302634968825
3.0814334276306123
3.0862706561435598
3.0843517212623985
3.0794814761506104
3.0836545094608545
3.082094007044217
3.081259476185749
3.0799168837808137
3.074968097481344
3.0821422259884397
3.074884541593523
3.082946626530052
3.077928191327484
3.0765700705052144
3.075151231451861
3.087454193211509
3.076533550888862
3.077933383907299
3.0789254796474803
3.0798542579351493
3.080467687980264
3.0832252355399437
3.080305828435251
3.0842349193137903
3.077060156406017
3.0764861623282083
3.083700480644016
3.0778537191717152
3.0838488941016764
3.078181887717674
3.0828084953145507
3.0847178850977297
3.0816471785095967
3.0779781608362855
3.085280299322249
3.08030323329345
3.0743634480786834
3.0841235657022823
3.079079413467411
3.0814996416664346
3.0783123242650925
3.08299453110032
3.082601433889434
3.082385390253137
3.0781580685692287
3.0839545906803885
3.081683907975985
3.079595888610114
3.0729525374278066
3.075673454687366
3.081991743883525
3.0809290629439197
3.077469787110796
3.080202576810479
3.0787102522421175
3.0864361528854056
3.0724703828677793
3.0815032553550914
3.084127596271852
3.078316725060149
3.082638456317533
3.0801349125947173
3.081621868409782
3.081226593875506
3.090247183172786
3.0846354273065786
3.0793636499735917
3.078335967003547
3.080291055123907
3.074596516204783
3.079140239996257
3.080880186442105
3.0872728518247987
3.0804924358382997
3.080575730010014
3.0812235698950454
3.0790141338861794
3.0926852956046376
3.08313230565571
3.0762761924487063
3.077529200105874
3.0763070443000684
3.0800151252348185
3.0854520284252307
3.0835495933264125
3.0844364213435362
3.076154395822645
3.082708576283505
3.0808127064742714
3.0798958539537935
3.0780983132277067
3.075924733085009
3.0834568604817014
3.078363392381338
3.079925709979599
3.0862291422610126
3.076049402835772
3.0838900210674107
3.0780700009991846
3.075486946896448
3.073612338597136
3.0819936555747303
3.0816476677786415
3.0759307290875073
3.0802420041227956
3.075841368644786
3.084439581824858
3.0794478765843856
3.0783954963077464
3.0789887248371817
3.0857037101369964
3.0753094967848247
3.0775352571965597
3.078686524055778
3.0851807877294903
3.073407562078965
3.078784649572996
3.080354652609921
3.077058389765929
3.0855907324195346
3.0839165848870573
3.0855473795332014
3.0800637376946174
3.075430637135781
3.0790698888933314
3.079324644023346
3.0811358191314526
3.0783967817471853
3.085652024365887
3.0759056403425657
3.0789617607880837
3.079854649648978
3.082123385484664
3.082383829402409
3.0778010341414332
3.08540109371229
3.0736788280277954
3.094266565014657
3.0808902978821577
3.092087036346815
3.079345971452164
3.0746232388416224
3.082693207024719
3.079829535229764
3.0799054617244623
3.080967770384914
3.085075120172376
3.078948083968157
3.0731620041395598
3.073644227459933
3.080922406486567
3.0843381437781816
3.075191370557954
3.0804499342563014
3.0847713972044715
3.0788418607319445
