sigma=1.5 time=297.7579998970032 num_mc_iterations=10000000
3.3108530978960458
3.209501954158918
3.2059782116475795
3.199732539579775
3.1960930932614935
3.192396729312133
3.1942108750090976
3.1982407057275357
3.1875423295864667
3.1959868141358654
3.1864735417374677
3.193070430965228
3.1859842208476317
3.1859207298250576
3.1932004797996445
3.191403538963426
3.197740056330155
3.179179304957184
3.1923080465154303
3.185025922272396
3.1974955931809954
3.1897975407713326
3.1945344020890394
3.1915556773811136
3.1937272274482775
3.188607948615083
3.189357939355705
3.1956591818268865
3.187484189335864
3.191714771092612
3.186143858564094
3.1950870492338295
3.190803255214093
3.181647865758761
3.183318500018172
3.190724819405138
3.1902033010872017
3.1788626593620126
3.1811926490459754
3.1912342193444356
3.1804787245829815
3.1896172244090977
3.1892785860587
3.1835193306012814
3.18255466586468
3.1910777250852993
3.1850256242328974
3.18319032864024
3.1870021114808478
3.191004620360657
3.190401196610701
3.1954587461009396
3.183639443127723
3.1910870938120484
3.1892227430268925
3.1906781992595667
3.185248691726519
3.1911813714774406
3.1874890723863896
3.187878367154037
3.1916470295565036
3.1934689273202843
3.1882798970768516
3.184777851693243
3.182411428960624
3.194740248409597
3.188738704375029
3.1920513964977157
3.1955714935438975
3.1889039639644583
3.182026401365582
3.1827222200434444
3.1911635004196772
3.1875435392715388
3.188325014408531
3.187535742435208
3.1908547660279933
3.1974420716504026
3.197802590417708
3.1773714848405374
3.191650202885506
3.186868412105036
3.1871642364031794
3.1868030650205474
3.189959916449659
3.1781656170898525
3.1925010672353067
3.1850639792288438
3.1879509596529374
3.188884955876628
3.192324620121133
3.2055670163311913
3.1936741559491084
3.1898457622604006
3.1876288638709642
3.1807123834649125
3.1888458407284634
3.201833151944913
3.1932835354328795
3.182191600720431
3.187743491841266
3.193213733620225
3.1909363756963187
3.1870032567158852
3.186229449534394
3.1853908752296265
3.191692089067634
3.1915542092795195
3.187577040400047
3.189221873191222
3.1935551655844985
3.1866548179579866
3.1858172006648076
3.182859293636882
3.1862749769421166
3.1820872442014085
3.19161736024267
3.1887645777886298
3.1828147351094818
3.181599803521463
3.191346582439373
3.189438687188518
3.189977364108286
3.188588157861948
3.190115965194214
3.1953314004825555
3.1910485811660987
3.195785778936413
3.186264939614395
3.1904306418804333
3.199945021704973
3.183236891143315
3.192452306923538
3.1817158521333457
3.185592305212961
3.1910355724786794
3.193412723515685
3.1823979888131873
3.1882640727121534
3.1832592164003324
3.189412363533102
3.184387163929562
3.1837635846104093
3.1890257431745384
3.192474005960016
3.1900310990908607
3.193254704872777
3.189414479051516
3.190220551217675
3.1828925043696237
3.19033899787421
3.180882459839702
3.1924222563397917
3.189819412793562
3.1769431616738064
3.1854594821422566
3.191070339021396
3.1803302290455893
3.197256114075882
3.195952022179169
3.186750977397389
3.183502636124099
3.182271656285539
3.182198848871714
3.1861589055541244
3.191905676640716
3.188019187247964
3.1914291377339965
3.194528473177238
3.1830923851827655
3.1897492573716404
3.1816681730388963
3.1937108635298386
3.1866226252973457
3.18973303650826
3.192834133716049
3.1823879674691935
3.1845891429735307
3.1920940351618863
3.191518277280737
3.1872400246711896
3.190486301976538
3.1908815605103538
3.1968099265528926
3.186602306428817
3.194778620323976
3.187445941886643
3.1931163614152913
3.1822004942438604
3.1988057866626374
3.1853649363720744
3.179814655243932
3.1803830789881835
3.182638892821439
3.1985882502649976
3.185433254529764
3.1870704782727484
3.186773603865765
3.189416344126907
3.190470016317633
3.178766823918242
3.1880074198056136
3.2015428294075186
3.1916171128301927
3.192003589757758
3.1853296640690973
3.182044123091768
3.1933126985350495
3.183954977494615
3.1934598867220427
3.1866654981499805
3.186860029645422
3.1950696919762605
3.190626900202724
3.1901004555729355
3.1883362306438707
3.2016514901147453
3.1922607739898186
3.18310758013994
3.181814415674955
3.1821894561127855
3.1892641154403285
3.1838181899254465
3.1868111478674783
3.1852889069890966
3.186774595005103
3.1883303730221657
3.1919015970071314
3.1844761026905575
3.188240465839951
3.1914278079120053
3.192778441104734
3.187787752509169
3.1908905346527217
3.187676517500291
3.1848197285825743
3.1861008844334977
3.185972865444286
3.19390545602975
3.188636410489171
3.186235794802084
3.1888475637542415
3.1926237858412865
3.1851039182357246
3.1858823780323298
3.1895650429045364
3.1966773355604126
3.191770411770069
3.1817519754438655
3.1896871806761
3.191060723824792
3.188505868588857
3.196029698828746
3.185213814825778
3.1912187458128396
3.186672626529631
3.193582969937809
3.1898026822348147
3.1945340001475397
3.190004153408797
3.1866594622944446
3.1869080952788638
3.1871202571961943
3.1842874771351433
3.1830847429917766
3.1868346844365942
3.1979539608002168
3.1880369360586234
3.183927881151043
3.1848437611381266
3.1880015537028656
3.1891015124255064
3.189188812162862
3.2076979421406535
3.1881067984431963
3.1901376293949526
3.1867748752119938
3.1937407324844655
3.19337780656146
3.195060335881479
3.190276704453942
3.1880917108196516
3.1875311605848813
3.1936692835704488
3.185997360564575
3.1815862746393484
3.185755940688139
3.1830609935177407
3.184847268174891
3.1854341986225916
3.1934079981821055
3.193134365621566
3.185780496381075
3.186196567219059
3.1907663494366747
3.1866298338998575
3.1845028093895937
3.193992335078374
3.184230027987351
3.187650193432699
