sigma=0.8 time=303.9630000591278 num_mc_iterations=10000000
3.5065624970186975
3.3589240860346345
3.2821495702473285
3.267300194309595
3.2497145627410813
3.2176247219901923
3.2027727066170137
3.1814559991232625
3.1701845931518067
3.1647924783935846
3.1520999431126997
3.135526113910338
3.1173162222634936
3.1034561415913005
3.098964879324306
3.0931346495842353
3.093085451018971
3.0888197067374965
3.092587114726021
3.08770764950822
3.0913999758343635
3.0887011227463446
3.0831472556168076
3.0927193604703267
3.081684249286817
3.086166385245949
3.090286989933774
3.0835023318341905
3.084060808210303
3.0831857385718555
3.087467842726811
3.0944883212667977
3.0887736464098796
3.0891828727008193
3.0864689232889093
3.0854442224948113
3.0821941195270512
3.0874868614523976
3.0887805010960077
3.0846544556043103
3.092257256600209
3.08418782536694
3.094104107863768
3.0809463226414873
3.0854116881345455
3.080515495736464
3.082297510586792
3.0847304814438057
3.0877679971053205
3.082555655032844
3.0893581347548187
3.084764762272112
3.088797543756236
3.089456835248561
3.086956890003432
3.082912634106159
3.088908119648791
3.091060158707012
3.0853444802908734
3.0826068114007072
3.0830374240368315
3.08658280503385
3.0845683450871815
3.0799075566144554
3.0860413753244926
3.0827055049198044
3.086465558365489
3.0862428520759333
3.0793770431193894
3.0828976232168994
3.0795610981007946
3.0879617229669973
3.0787885968863806
3.0880729162612717
3.089436734081778
3.085773425274956
3.08634629413254
3.0862118081261114
3.078337190901253
3.086992964402685
3.0849700598217598
3.0812369469998417
3.0906791853824704
3.082059453573321
3.0910162796004452
3.081851488932518
3.0906845441343034
3.0892045775220804
3.087804255136251
3.0846487850695734
3.083355182085986
3.0914764049545833
3.0891576205561067
3.0842083246294503
3.0953608277035487
3.082877301130405
3.097543805939291
3.0863257758056255
3.084246973871408
3.0862848757131385
3.082842568139746
3.0838225363265788
3.0904657257447274
3.085898267603972
3.091895362346268
3.0841423992116574
3.08390936488111
3.0929381070369457
3.0846266967145453
3.0832180422621827
3.09133641674679
3.0872321484844796
3.086195475992894
3.0867362697339797
3.0918157110125515
3.0869492174071733
3.0840514863672763
3.090361054482057
3.083060338114667
3.0828134035608614
3.086695533197557
3.0868638257720247
3.0840940408986492
3.0845062327007944
3.083411541842872
3.0850477282464803
3.0813697756706957
3.079449025761465
3.0863693914184744
3.0835720809201312
3.087555225555555
3.0852707583385346
3.0918578653842483
3.086293595017468
3.083715822818389
3.083973589271736
3.084170684335976
3.0793593332169698
3.0871160774679756
3.089284011692616
3.084375878789122
3.092400004498808
3.090240101983647
3.0847332164231838
3.0905226130244263
3.085828833444619
3.0840039038011158
3.085471487548294
3.087928521422767
3.0801118928364217
3.0873764786995745
3.088698968209671
3.092885380129541
3.0903053490052406
3.0846413473410577
3.0854661965561196
3.0849901954006516
3.0863101960463104
3.0845722136650373
3.0828115968269385
3.0901713734852634
3.0842632262789826
3.0876049942746016
3.0857145107257513
3.0867207243011148
3.091604261916834
3.0871938508024503
3.0881993055691646
3.080495653595981
3.085625747823974
3.0859448989785405
3.087626781803949
3.087274418538547
3.08140834648485
3.086699726253191
3.084631947160051
3.0856264986780593
3.0816084240722645
3.0851230359575244
3.0843283693777885
3.0824214198715123
3.088793729938534
3.086059778747274
3.085028541338648
3.0857027278266917
3.0885933619704966
3.0864614631526814
3.0875516274548827
3.086885735643229
3.089200944606616
3.083234749486386
3.0856614365542367
3.091832840368936
3.082210387181546
3.0872603408855106
3.090368306879438
3.089962916622503
3.0859463662120077
3.0855128961764344
3.085507910133398
3.0846054056535546
3.0832036072446067
3.084693367135718
3.0904928837915553
3.0823195127821297
3.083671693368834
3.086635823621526
3.079601274148004
3.087318655237279
3.088259252028955
3.08513746842915
3.0791551465894758
3.0866348264359864
3.0826131801327223
3.0860862171656427
3.0870667445099476
3.0915711075551955
3.0827944177058857
3.0854066732162226
3.085041076758971
3.084655338817171
3.091290347067721
3.0847650725099247
3.0816264773012687
3.0828720360014947
3.083902417136458
3.086318795104432
3.0880136077521856
3.0904833935798663
3.0963200765529213
3.0836104316646105
3.081543510434613
3.082864323591977
3.092658605747674
3.0799007080729615
3.0827262659881733
3.087699872139181
3.0849271662872693
3.0838646073176683
3.088687033800072
3.0842448282137234
3.0870833745079733
3.0777833446518885
3.0868285005602374
3.081412090638187
3.0992085172596733
3.086010240238907
3.0829613386732335
3.083665659114467
3.0915372143105326
3.0881320497545053
3.0851676086394986
3.086944639753887
3.087587563506362
3.0904555514161336
3.0847346258602832
3.0812595486269174
3.0866404049451854
3.089033184772701
3.0797253632036923
3.085326016990588
3.0878783598011426
3.0883328870714783
3.092754160581269
3.088965047805271
3.083417002697541
3.0848671565126944
3.082495536111357
3.082905091311293
3.093190811334253
3.0837732155679998
3.085036186361805
3.0944579285314773
3.090598013441691
3.0851508166922486
3.0863071608473396
3.0934315816483537
3.09435912095307
3.0865195472316462
3.0865602900153735
3.082670390708768
3.083741557713385
3.0830260479239473
3.088256325688883
3.0868581349246784
3.086303934480423
3.0856637899893737
3.0826421781112896
3.0803357959577418
3.08494358824431
3.090436256065532
3.088860678091458
3.0847751194966615
3.081388310535601
3.0822078825871735
3.084336403569176
3.0815021925324055
3.0878451244665337
3.0910190228235384
3.082344305964068
