sigma=1.0 time=311.61299991607666 num_mc_iterations=10000000
3.347302051485773
3.222183438280502
3.208744161265563
3.1977279337804845
3.1887059278367675
3.189238666193654
3.1741784285704373
3.16115036738856
3.144470535255862
3.144390659833826
3.1379519555135658
3.123322154456448
3.1107003027541227
3.1087360894088842
3.1092521166171174
3.095009735464974
3.092016677049486
3.0858492827211785
3.0985262107021803
3.0886975996615913
3.0907437326717075
3.099322533156271
3.088256254645764
3.086862251815509
3.0861494195900216
3.08298085853299
3.0849122380149607
3.084301330168679
3.0854549692124205
3.0811183324476117
3.0852187908962323
3.0931179610024353
3.080962007606627
3.0853581894674122
3.0781902095770133
3.077765735948684
3.080137295571264
3.087035676670841
3.0773512083926597
3.088599109547216
3.078787317756754
3.07951419437356
3.083443638033863
3.0796229273549067
3.085995323044593
3.0838073769879
3.0858095895143833
3.0876584091028123
3.087564461049564
3.078053435200091
3.0859121491430264
3.08723096844021
3.083962375181318
3.0857747650631038
3.080343775249393
3.088741228173116
3.0832548409454867
3.0874448301222692
3.08189902726496
3.0801155665244955
3.082561652701023
3.0834453550781875
3.0867405761890776
3.081921005887115
3.0813139654829023
3.0874990869358263
3.079656412575049
3.086116518630211
3.0834633541065113
3.0879395335061437
3.0788767436638365
3.0897923874095934
3.0826415101227584
3.0876255284958973
3.084844419893843
3.0927563459433864
3.0867736523913827
3.088708985528474
3.0824861133096175
3.0842044833174134
3.086283960056419
3.083828849582689
3.084469511491948
3.089057116345664
3.0824049209266406
3.08317433340393
3.090962763589095
3.084597948868372
3.083380721405182
3.0855207609061908
3.081948454687114
3.0906373277833405
3.0889087831569895
3.0855550175317137
3.092960026434738
3.0822835432787827
3.091991625220694
3.083242429782531
3.088508159403936
3.076018067268735
3.0794206908317556
3.0837701298319544
3.087032363980352
3.0828625087428594
3.0858004434080453
3.081106288003202
3.0788565497770812
3.087603745755126
3.0804366934574174
3.0935174615644216
3.0848169899164977
3.080143876859374
3.0878499126471812
3.0861279626438005
3.0902812973178
3.0832702950972184
3.0834618367886186
3.085162501167376
3.0821665312714766
3.076346549714355
3.0888782413550158
3.079669625821398
3.0861449635050904
3.07944382021507
3.085615600893952
3.079317859518096
3.0806873302518194
3.086117240616997
3.0845148132894358
3.078352307037782
3.0855837304428175
3.1527236990759318
3.1038689475159424
3.088109912344499
3.0816374134856837
3.079178426175262
3.083280963414892
3.081333442134313
3.080315702938982
3.083686867672632
3.089611857327542
3.08747675132142
3.0862933099031173
3.085863723350481
3.081756772577291
3.0929360110394137
3.083296069937473
3.0869216869113445
3.085350581305661
3.089048668299988
3.0837102444230613
3.07967682792542
3.078938153102686
3.081384747530962
3.0746945401870196
3.0861458090628533
3.0836915020351316
3.079390495919287
3.0774938144176285
3.0856889587565663
3.0850680910220905
3.0846848324056326
3.082285581773631
3.082886943360125
3.086038175706871
3.0855983636986344
3.086441603823434
3.086569846463464
3.079712137026696
3.080925270635722
3.0880457127144565
3.0788349205485743
3.0857827638422783
3.0840958724024494
3.082341137230963
3.082603144436208
3.0819785348278574
3.083926571231241
3.0920829843900934
3.08476061141929
3.0794340049269184
3.0868632282264983
3.086586413961402
3.0827147043314356
3.079334756039072
3.0907594204389364
3.0849263143533188
3.085634905784853
3.079842759640759
3.082975932316091
3.08114365711544
3.077847608721492
3.0758932279396602
3.0783151144709673
3.084125339377939
3.08591446497123
3.08068191023953
3.080544920250273
3.082179707505917
3.0901244487898687
3.0786494219084246
3.0846873918616637
3.086194822097487
3.077585462971463
3.0830996372301236
3.084669929698525
3.0877815011836587
3.0879533496909546
3.0834687312015046
3.0850847046621586
3.083591467582159
3.0828116635732137
3.084417850927882
3.0802239656237633
3.0830276899281457
3.080680590889083
3.0894473685319555
3.0938864239661723
3.0828024902912357
3.082991841640283
3.0820520830663383
3.0846991684869995
3.08212087859792
3.0805357766694876
3.081679417728442
3.0795176793710146
3.0857971100545236
3.085312041687923
3.0889303469142795
3.089256182480346
3.078501398023174
3.0893446496645476
3.0818278752348087
3.0853771102629106
3.0790952608709254
3.0854612973066398
3.081292383165675
3.080659953818759
3.0825681737407575
3.0888136753022764
3.082493139773354
3.085005478197791
3.0813972111433494
3.0759504242050975
3.0771059218945096
3.0842072535392218
3.0854577219698833
3.0795163475721803
3.083507234901212
3.0798956656482672
3.084712071654154
3.0885405099151044
3.0842742795662463
3.0837189832049923
3.086707234468042
3.0777490949839854
3.084311383770687
3.084048814646274
3.08957900921346
3.076469504579059
3.079304519129676
3.0806045645180107
3.0820550498950428
3.087396777012414
3.0877497687943025
3.0861716916461353
3.0849727680012293
3.0768256693897915
3.082524672391522
3.0838723032198434
3.0835784103067145
3.0802411627041093
3.087184503266859
3.0824252531412903
3.0861441306482766
3.085576042222793
3.0894873456016305
3.0828234503830987
3.0824442471379716
3.0878992176095976
3.0818005430248188
3.08746656691118
3.083686714320608
3.085974402258314
3.084319186457048
3.078093036129617
3.079306060958372
3.082262765903184
3.0832443851440408
3.0811615040982887
3.084233363837778
3.0865457053896184
3.078507748440672
3.0762489273222866
3.0837154614275293
3.088467539542599
3.092331254478234
3.081956708488721
3.084301764781078
3.0771950756373165
