sigma=1.0 time=344.07099986076355 num_mc_iterations=1000000
1.0876025050714733
1.0520570771035789
1.0448154757511814
1.0133619906164912
1.0043230535531078
1.0021503571600905
1.0013467008477521
1.0014526961366974
1.0012957738098862
1.0012584886751639
1.001362730789679
1.0012661959333289
1.0014366181855472
1.0014096632015914
1.0013392317680803
1.0013633934043846
1.0013357112073529
1.0013113602053527
1.001393381267145
1.0014084033982689
1.0014256948665807
1.0014392721552643
1.0013832734659567
1.0014225916849424
1.0014904124750443
1.0014158405262887
1.0014493550844743
1.0014032552936702
1.001416035561457
1.0014482589968152
1.0013892293133269
1.0014334277099934
1.0014357476094888
1.001473354942252
1.0014254509804672
1.0013843139786227
1.0014533705353579
1.0014069246356347
1.00137189549514
1.0014012696066796
1.0013919456792917
1.0014501765710873
1.0013862653538725
1.0014077092369593
1.00141955850877
1.0013973085645642
1.0013814320581138
1.0014079108057785
1.001383262550243
1.0014374380432645
1.001415950793168
1.0014094274952765
1.0014154718656638
1.0014090375902922
1.0014125392566966
1.0013795158367285
1.0013627030974817
1.0014391116613308
1.0013306958548536
1.001367332938898
1.0013813201656807
1.001392084977215
1.0014289363848874
1.0014150768894432
1.0014156951876647
1.001373633883092
1.001403494904171
1.0014355248334164
1.001361898066235
1.0014469361611495
1.0013508396429684
1.001396481969822
1.001396122076987
1.001375894890919
1.0013350057415666
1.0014058720748698
1.0013866679242132
1.0013637681880967
1.0013577974078915
1.001371352423416
1.001347176402684
1.0013144224155843
1.0013694867792755
1.0013958660763183
1.0013896419060597
1.0013774845489023
1.0013884797103358
1.0013913105319907
1.0014174680800705
1.0013616361440112
1.0013705773254005
1.0013506078312133
1.0013694563396736
1.0013336375979562
1.0013926726298699
1.0013342294981231
1.0014004583375633
1.0013436423285536
1.0013447127230428
1.001412050487576
1.0013744799816044
1.0013995949583336
1.0013659037808065
1.0014035623194444
1.0013215195993215
1.0013545088481073
1.001382635051413
1.0013645218173377
1.0013504989641306
1.001326128930686
1.001375852396361
1.0013743794760948
1.001347021934891
1.0013131497225187
1.001350029020338
1.0013344573634453
1.0013651343177028
1.001376170124781
1.001384536188798
1.001347791083443
1.0013464622079093
1.0013079760471875
1.0013311054233887
1.0013292610332354
1.0013463113775873
1.0013675036464613
1.0013472082878554
1.0013478139714946
1.0013698896017031
1.0013231427257419
1.0013410999068153
1.001404240618455
1.0013927046780136
1.0013691460798926
1.0013651568403106
1.0013667389039969
1.0013668951653714
1.0013776381673352
1.0013788500309637
1.0013462179556107
1.0013360937940043
1.001330369209139
1.0014062653751699
1.0013729536694946
1.0013928878719551
1.0013715152248708
1.0013294666442552
1.0013424494144507
1.001347895635264
1.0013508180881134
1.0013638557254365
1.0013728282646142
1.0013244046597223
1.001326587956266
1.0013175273725827
1.0012913687963942
1.001359362845081
1.0013381134277248
1.0013142707783955
1.0013687520085117
1.0013660460432257
1.0013228914819698
1.0013677062669801
1.001371585469375
1.0013402025992066
1.0013453571346345
1.0013592655164252
1.0013466757605345
1.0013482432986798
1.0013653616931704
1.0013515474158283
1.0012907914863847
1.0013273499963655
1.0013294336320584
1.0013416905447792
1.001360415956007
1.0012955533931172
1.0013396748141594
1.001353650958664
1.001383738262747
1.0013082546047836
1.0013509513315069
1.0013197178069768
1.0013288355229606
1.0013419382707915
1.001367004462253
1.0013174562324831
1.0013466765621157
1.0013433835782797
1.0013368369015665
1.00135495619435
1.0013030238525633
1.0013277960320046
1.0013336540321593
1.0014031160088035
1.001330927998391
1.001380419954663
1.0013558424772855
1.0013268056651206
1.0013588580840493
