sigma=1.0 mc_step_length=0.5 num_mc_iterations=20000
1.0097530906597065
1.0737047418241241
1.0540096424858998
1.0604378101627188
1.114935848381227
1.0659021433675475
1.0217029188801685
1.044105049378224
1.043727663448418
1.1172953715374478
1.028526194241678
1.0578848466099295
1.0695136845970128
1.0320835774282184
1.0664045809640634
1.057683172251404
1.1152388982682668
1.0555726063120947
1.0919953690000734
1.0702339763201953
1.1024233894415734
1.100208192550475
1.034383793329301
1.0357310885868127
1.0594323862410455
1.1006955704703336
1.076400200968641
1.0760437908074687
1.0847568397803304
1.0510817160336996
1.0376181339076336
1.1153599975596449
1.1001129030974357
1.0700230417536796
1.0821689714841591
1.0291766437438765
1.0320148371211824
1.0234066284492285
1.070748777516007
1.086292814807148
1.0129679708019297
1.031245470458066
1.0377745257647135
1.055590051301846
1.0886648591320267
1.0466647299842053
1.063996538834131
1.0626731084327976
1.0757025948355925
1.0562078336602734
1.032752470310537
1.0897635714306577
1.0653916077441798
1.0239433017371238
1.0722078236690888
1.0529027495646566
1.0606774989000323
1.0549544385616012
1.0612222930249935
1.065216112956257
1.0357547167030094
1.0579235429290723
1.0380577197798058
1.0437051994167177
1.0605266816546526
1.020471847995047
1.0349606327072138
1.044240369770918
1.0439985371379155
1.045857086163058
1.031309068528598
1.0431099509609478
1.01423114855434
1.032871115117784
0.981480661551804
1.031140471671629
1.0053828709871007
1.0299351341496166
1.080624390053765
1.0467444917311208
1.0274522029612585
1.0558329138981912
1.0256336681117653
1.022200767539385
1.0463747487283448
1.0415823309656813
1.0236237509135997
1.0146829806958262
1.0246761132608717
0.9992206678365768
1.0170660236532687
1.0527942931641256
0.9985246204649697
1.0209201834797395
1.0346874302385654
1.0476208096858204
1.0060037785439149
1.0343583013622648
1.0289048151847482
1.0491646845244986
