sigma=1.0 mc_step_length=0.5 num_mc_iterations=20000
1.071677151364371
1.0925628759007477
1.070070301167632
1.0097943535123797
1.0308777634951076
1.0091997494273073
1.0209033219460053
1.0151294510824673
1.0075728482719293
1.005733589206555
1.0161919615438855
1.0049285839224564
1.0016468212910203
1.0028147790570623
0.9900531024850825
1.0224797151884935
1.018457530980899
0.9908947830049049
0.9995273114239871
1.0047415116814253
1.009604063544467
1.0181170802919972
0.9821997671435524
0.9982578183283624
1.0230810642382928
1.0230499408888478
1.0082415419029522
1.0038652623817574
0.9976319637985618
1.011836412981455
1.0143141659205515
0.9981129268298368
1.0081088770362454
0.9948836102066202
1.0014957651672511
1.0141899061580881
1.0054604024640847
1.0020128683795637
1.0081317199729587
1.0275526144931797
1.0064402533744898
1.0050371941352665
0.9999159518390265
1.0068404248947471
0.9897714835585104
1.0144501969524686
1.0038211974979405
1.0044830450856348
1.0141966935935416
1.008459058590002
0.9950088620149129
0.9966277948121582
1.0024883281311308
1.0170608046924625
0.9939120042308288
1.0073752858978966
1.007146319983669
1.0196497359479118
0.9965057831815081
0.9876357705525105
0.9913266790369543
1.0071685628640359
0.9960710360022669
1.0167996976833895
0.9988032165229462
0.9945263043033709
0.9935209700085003
0.9942932362989301
1.0050135337915322
0.9974906477235842
1.0006341911187129
0.9977470410007991
1.0007909824798542
0.9973642917226351
0.9959747968790738
1.0122225706033783
0.9990902758224047
1.0087397760623384
1.0064212676943989
1.0185504469307627
1.012975624756219
1.0039757503818372
1.006976353005469
0.9935581564938695
1.0074073449253675
0.989392089511209
1.0076145482971979
1.0052788371499748
0.9990646988708362
0.9973554884153472
0.9967226386188425
1.0070515097273582
1.0115339012678768
0.992559852550096
1.004935247974233
0.9971414434813342
0.9952127440339233
0.9976962931186275
0.9923097823091775
1.0100912919800145
