sigma=1.0 mc_step_length=0.5 num_mc_iterations=20000
1.0359099523310815
1.0686186253736734
1.0680904077615943
1.0183018006995328
1.0341903322328576
1.0042188402651702
0.9930162095200827
1.0266005553365678
1.0642110730069572
1.0971321241418006
1.0391870351760868
1.054519991221976
1.0385284543817763
1.0124835822270066
1.0596514103289245
0.9989444382869077
1.1002739558306778
1.0147917215453328
0.9867103295024241
1.1005538265951071
1.0404036607159255
0.9856798830398656
1.0370195004430718
1.026121443569999
1.0042375984161045
1.0178564858937416
1.0575328549296632
1.013411978988398
0.9870978998558065
1.0325269142931548
1.03724858447774
1.0717315378935948
1.0309579282792096
1.055204007312389
1.0301757708478787
1.0205031280900272
1.062827616288916
1.0453783041719185
1.0695540370528211
1.0230455479673626
1.008731082552094
1.0086979892328374
1.0451315882948335
1.0394387214673066
1.0559466169065934
1.0738517997195869
1.003685186418725
1.054886213423491
1.003338089704877
0.9990117994432269
1.0910293365531205
1.0592676288922618
1.0016900356561282
1.0144144156270565
0.981113835762237
1.0294222015369512
1.04322365906842
1.052628559718204
1.0466018121202556
1.0397774716201835
1.0080770497554252
1.0359206201553335
1.0554801730563712
1.003967810065918
1.020311479439308
0.9993662758855955
1.0082084708678247
1.0232064685055056
1.0471541119043852
0.9963181117948242
1.0041260475277822
1.0168407227796556
1.0322650140195324
1.01349016028772
0.9999588807727845
0.9889899355901406
1.053020072188794
1.0252930776477742
1.022570515309208
1.0224873873330798
1.0512573832609176
1.0594368318758562
1.0103209535271012
1.0031393786766123
1.0246715577755983
0.9821340004149516
1.0071844763557727
1.042321297967579
1.027081378240438
1.0259756922028094
1.015866691812432
1.0394272327234741
1.0086189244143486
1.0171204014717556
1.031199061465301
1.037813671609994
1.0092287708859369
1.016146462407184
1.0268706492006825
1.0005963243049427
