sigma=1.0 mc_step_length=0.5 num_mc_iterations=20000
1.0916845891602314
1.03226647243338
1.087527500916199
1.066910251646497
1.0931656254016184
1.0208473807504688
1.0431754015672143
1.0880932777519792
1.0867540354418532
1.0475375552018997
1.0458387591722134
1.0317912360620074
1.0302842060158672
1.070363703763774
1.0295838337514576
1.0549040447689582
1.0242168428250806
1.0412521583155268
1.0618496644494901
1.0305365550144459
1.012446410996354
1.0352709375823497
1.0020721523769023
1.017002182350529
1.0275496047781851
1.0107875151994514
1.008723773595864
1.0041653969716933
0.9949240088745801
1.0156171508182277
0.9803622324884614
1.0319617607549632
1.0120533596809427
1.0151077358645921
1.0027436520608004
0.9938149611946727
1.017306255470088
1.0029937885411546
1.0010696267699555
0.9976107633881112
1.0091411846878762
0.9985360044328906
1.0048441839243125
0.9995641013886687
1.0000495790698436
1.0041849066641466
1.0121086030373603
0.9962844214376819
1.0074237090044516
1.0021086695839478
1.0113973930754587
1.0098367897174207
1.0055846333913576
1.0151922496133567
1.007907106546565
1.0042897972121492
1.0017104026696388
0.9903257683684523
0.9954707982878136
1.0068380396896208
0.9947677158026678
0.9987853209239544
1.0013207720661186
1.0073047501420171
1.0016019982479387
1.0106045323390882
1.0022076995810087
1.0024105420806504
0.9858805500295623
1.0042198138420062
1.006353425946945
1.0100469098889184
1.0201274758057717
0.9980612106229392
1.0197407140698718
0.9962343136447109
1.0006367959643252
1.0035235225244439
1.0126328897102073
1.0015713042116703
0.99520115872449
0.997166330429221
1.0078139978505594
1.0022835259828164
1.0090426673610566
0.9935181812422876
1.008584718790264
0.9927710100382569
0.995199660315932
0.9947358777324509
1.0003842051808245
0.997288026366717
0.9958706807977733
1.0108236260241426
1.019490919543289
1.0167819520234922
0.9996351813729445
1.008497248338214
1.0335670347897985
0.9920002583639922
