sigma=1.0 mc_step_length=0.5 num_mc_iterations=20000
1.1719781866676047
1.0923498449323572
1.056845204966281
1.102071507458341
1.0016921662018607
1.069100902903984
1.0512777819990022
1.0332270419722083
1.0195644534019994
1.0384116509409427
1.0092128141805992
1.0367102275965085
1.0173824263001556
1.0271926626580732
1.035704774134246
0.9975660802532026
1.0200799408961665
1.004248002627907
1.0326363633979327
1.0208557267883582
1.0079986777811094
1.0229190329304234
1.0086670792503938
1.0208892770935627
1.0037407382767103
1.028093582722107
1.0267556132418787
1.001339800382352
1.001204633090214
1.0146028841750716
1.0120786958468166
0.9969350399692244
0.9998876581245917
1.0113375178609778
1.0177516662768331
1.0166024577254433
1.0018784720442167
1.000914637486982
0.9953620429125672
0.996797984928409
0.9997826928131048
0.9999088395592068
1.0038459802489221
0.9968241806379545
1.0090179696904626
1.0044604052857085
1.0024366990811424
1.0142776289621094
1.011879336697522
1.00290738029113
1.0040416459940131
1.016074289413013
1.0042366222143682
0.995915094790966
1.0149319510188195
0.9966572953779865
1.0028496408338494
1.006151571709785
0.9985573230528244
1.001573994662791
0.995830865246776
1.01879156465662
1.0032718891738153
0.9999457346641251
0.9966438368321089
0.9985242933784509
1.0061311077745745
1.0030213761156752
0.999610893461479
0.9839494600672349
1.0129474974731483
0.9973222623475786
1.0099077097875166
1.0050695948742658
1.0100469455023728
0.9995758063915684
1.006626205581251
1.0017467363937356
1.0031827275670486
0.993763543169198
1.0107733163200696
1.0033057487856722
0.9950879109828512
1.0147551831524364
0.9999370676514969
1.0072962153596918
0.9999583626234175
1.005578555133776
0.9980869812152867
1.0001167085682652
1.00498354170796
1.0013050182111767
1.0007856630188072
1.021134071120147
1.006154468213642
0.9980832988241345
0.9975504173911167
1.0091097887218095
1.0051352675600909
0.9959296372627262
