sigma=1.0 mc_step_length=0.5 num_mc_iterations=20000
1.022031413119596
1.0220598491235
1.0507865627025852
1.0544689445367288
1.0454649780206078
1.0432761141434146
1.0943745830101754
1.0226966486801707
1.0340494063542076
0.9891676135354439
1.0171731056669395
1.0802656885191262
1.0189231283764133
1.0466552702147183
1.0221425749637638
1.0542426241743603
1.040659584708771
1.0067398362762714
1.04408313823155
1.0509745909353043
1.0146752931802097
1.0456534869520109
1.0283528711003556
1.0557553451312414
1.026524807664596
0.9718927029047171
1.040204220481532
1.039141393191862
1.0170684278554654
1.021829324094713
1.0303500030938968
1.0168454830364382
1.0130016267395148
1.0417549791446847
0.996800636774237
1.0520161637730907
1.0349279026009244
1.0425679930687886
1.0288027887580018
1.0208896169051735
1.0040129316483923
1.0292103712298497
1.0197747622356186
1.0109952447002541
0.9891041003232987
1.026621575252896
1.008883349983893
1.0098924598447303
1.0311343915378577
1.027360571927
0.9940721977225435
1.0286699007476712
1.0105426268652458
1.0503481231471716
1.01051755414224
1.02835728683322
1.0117098071278778
1.0057124565573088
0.9982087186642566
1.0129167933738494
1.0208428469894413
1.0243515163481687
1.0182976968969721
0.9904367149780172
1.0064828008320095
1.0201662777019558
1.0165405859996455
1.0077508565730002
0.984930062094831
1.0010901235735281
1.0086879916546605
1.0047367718096478
1.0178997504028933
1.0181782551459602
0.9957467126643041
0.9850022432100356
1.0323511333000057
1.003322776932581
1.0373167801586496
1.0062797160745698
1.009358059245471
1.0121670393570468
1.017313441077309
1.0072319000838241
0.9997393321905503
1.014805851462876
1.0154008402791999
1.0043232099582262
1.0227072438009173
1.0296835115135474
1.003559766453653
1.0096720999713826
1.0012860989161423
0.9938334141234383
1.0104548163766904
0.9922837297399619
0.9870090549581861
1.0046936751584243
1.0053591741650534
1.0051372429923056
