sigma=1.0 mc_step_length=0.5 num_mc_iterations=20000
1.3428427792586062
1.0186221133927715
1.0290707741843867
1.002771232057169
1.0258175834076282
1.001802068779405
0.9883019857123393
0.9953813708567151
1.0075383961253725
1.012863158210562
1.0615250893102075
1.0206233924630668
1.0162554466661244
1.0187437234840244
1.0155275716480203
1.0170712736224188
0.997958472643904
0.9981224385054825
1.0039632845241122
1.0009826931623702
1.003952445970675
1.0017149664688338
1.0247793684982753
1.0249441907054266
0.9863866528412294
1.0036821409143353
1.014599545967498
1.0079355435746524
1.0105604637487255
1.0109147110082384
1.0159150558147467
1.0004187308862422
1.0079356693812185
1.007265417973382
0.9949043857576066
1.0143914360758826
1.0103508964742165
1.0118725558966988
0.9944608085479516
1.0041118884493496
1.014991413628425
1.007573873036933
0.9925023507059706
1.0010247674959976
1.014366802893742
1.003626449339938
1.0020169251611883
1.0072831322174327
0.9998386229413081
1.0076680003150231
1.0044401259283355
1.0051943661162013
1.0134467094016508
1.0194007599808668
1.0054334502073603
0.9918196362954346
1.015575933293387
1.000004405591359
0.9981369784752817
1.0195664714536292
0.9994772464610095
1.0130206177663688
0.9980535762315842
0.9975313976753977
1.0152756253903281
1.001162510128109
1.0136772939575143
1.0048562456452719
0.9956710720041411
1.0119075714839902
1.017246586209911
1.0070135255062853
1.0079587208306986
1.0013602363314007
1.0230335661960548
1.0030749631142832
0.9989579950169675
1.0021943718928161
0.9876151827137755
1.0013881312212185
1.009927105423727
0.9960770677975933
0.996680527719706
0.9975395643178896
1.0121318246869837
0.9887775954586525
0.9962926371070799
1.008708024111215
1.0076328472274863
1.01535023402654
1.005792143893147
1.0278201161561238
1.010293973521972
1.0049750326795843
0.9985944951144586
1.0026618876396405
1.0099266959261162
1.0067665588924462
1.0014265190538474
1.0053139193183245
