sigma=1.0 mc_step_length=0.5 num_mc_iterations=20000
1.172448082400576
1.026054639466107
1.0089081291546718
1.004018625098299
1.0048717170176538
0.9949651891568599
0.9877780788407461
1.0019396425629767
1.006737551280153
1.0166100262646678
0.9971646886695045
0.9968061230470793
1.0067453045512658
1.0043810296124778
1.0083567076799091
0.9914942600004018
1.013626637411593
0.9998153835323877
0.9977804862984558
1.0080130081117515
1.0079241755485144
0.9964382538679833
0.9975845379427207
0.9984776323599521
0.9973183822285654
1.0026237752295195
0.9938755522285933
1.0083848722047133
1.0015806800562754
1.0044617334985197
1.005401465662828
0.9978487318000738
1.006755372912256
0.9970252433836008
1.0024735300316732
1.0015374981010472
1.0100475195825778
1.0104939644216189
0.9972742992792881
1.0052161235313186
0.9973684941131558
0.9958412970354678
0.9989903366021782
1.0013082134414115
1.0034288944967205
1.003987158952762
1.0051792779567352
0.9987923680263142
1.0019472299899435
0.99507619551431
0.9961154600986954
0.9948723924988958
1.0004087571157856
1.001446354463445
0.9964178274840865
1.0014561634768762
1.0071996685100126
1.0068921523525447
1.0011622588101332
0.998010695096171
1.0072162414476278
1.0007115754543527
1.0004984076985743
0.9976016623135389
0.9990442901183014
1.0035736095152865
1.0071290982095369
1.0033268747963362
1.0041174838993063
1.0025276670432017
1.0023632561727893
1.0031643639732644
0.9996401204399692
1.0018185295386948
1.001528552569772
0.9998754971906746
1.0021832750375472
1.0053889764718347
1.0039489544456115
0.9964275185375882
1.0039284801307935
1.0033167831362537
1.0016628570263717
1.0007187874611574
1.0006023967261004
1.0074540726493935
0.9988811196632303
1.000861947139318
1.0033653274934202
1.0020478998713136
1.001732186274394
0.999593553092429
1.0027994657825736
0.9988028972945134
1.0022028978073636
0.9978969448199747
1.0020461052940735
1.006950460803481
1.003277436390523
1.0020968448970506
