sigma=1.0 mc_step_length=0.5 num_mc_iterations=20000
1.2201227114696211
1.0549770372094678
0.9967283449551095
0.9946387811515764
1.0026358173254952
0.9999156940955671
0.9942571117872728
0.9955627501692393
0.9954084830695069
0.9999616069781514
0.9993468308898468
1.0009939440608557
0.9961870388592134
1.0045169537450538
1.0000955251936332
1.0020560961701868
1.0027524055634025
1.0016983424211974
1.0049985800605352
1.0018486333707317
0.997571255242847
1.0004869126361826
0.9951569825932624
1.001993029984866
1.003574895956263
0.9975341537903694
1.0004215988431553
1.0013388813623594
0.9976990448795895
0.9993844934107788
1.0014581247255514
0.9988955336464237
1.0010468672310209
1.0031570722402052
1.0005352785713593
0.9989828799379677
1.0007174310873859
0.999028191308143
0.99901456391919
0.997901172760761
0.9977403045641247
1.0027834266281563
1.0007284948466206
1.0000870094496073
1.0011325173472394
1.0011613374698274
0.9976981928984113
1.0008439681244272
1.0007798811576676
0.9977140257920732
1.0002258869935223
0.9975033551127933
0.9993220205022008
1.0002851830227568
0.9979454561160601
1.0009271540831093
1.002749253102805
0.9983345917307658
1.0018759166362219
0.9982438887902633
1.0009635751143218
1.0017107635611038
0.9991174311970081
0.9995900152209931
0.9989042422408448
0.9988982765347147
1.0011976020428477
0.9990765990788488
0.9991161806051355
0.9987383482205588
1.0019394249812124
1.0016039812609472
0.9992740066470461
0.9994610913603716
1.0022726197054788
0.9983558323680051
0.9990005043485813
1.0006844954998917
1.0010893510182715
1.001825748079908
1.0014725557286133
1.0030858229767592
1.0003868537722462
1.0007013693505484
1.0006972776204142
1.00059490321671
1.0010463160535483
0.9989904968457161
1.0002489131312835
1.0014856124335556
1.0021072714383399
1.0008685003549085
1.0004589099589487
1.0001253996660835
1.0021059837296764
0.9993329565520623
0.9990697611519784
0.9999245069438042
0.9992578101602368
1.0001773845979476
