sigma=1.0 time=3.1619999408721924 mc_step_length=0.5 num_mc_iterations=10000
0.6693424628119844
1.2951533818650067
1.212070409000703
1.2669937461227296
1.0977571683993974
1.2825598564091478
1.1983468209538501
1.1491805579403154
1.1082869317653756
1.1142400262765741
1.1033956302689938
1.1715834327899386
1.1288880911543608
1.0854983148666648
1.0796113199798085
0.99008743257751
1.0778484336597252
0.979079356621473
1.1063234629725383
1.0168517920869597
1.0299630042146368
1.0252449871627152
0.9861655533576149
1.0275943985914417
1.0176368042045714
1.077589582542193
1.0079231401439623
0.9899843725502401
0.9992989181621776
1.012289024244133
0.9984570796765578
0.981207457833585
1.0263713464120687
0.9869764700350733
1.0810644893938535
1.0024673085040603
0.9735310354023694
0.9781172338054057
1.021909335345188
0.9874610295506694
1.0116255732954837
0.9969017269323187
1.0251727256909462
1.026534370027726
1.0145772475834813
1.0065809824778318
1.0131027387452138
0.9830942708036065
1.0242910074441645
1.0523040900197427
0.9947818386145942
1.0651405127823252
1.0052404578482126
0.9969269117158605
1.0167899215764697
1.0147859301518618
1.0306635194309997
0.9986050054668815
1.0359785960419425
1.0187478070682876
1.0155490379405738
0.9973313097059553
1.0342672743641594
1.0112553453525013
1.0505812248902002
1.0234481880822166
1.022081069421612
1.0162358874312152
0.9807744121697543
1.0154731777011632
1.0142280749723909
1.0037509646028115
0.9951418551513153
0.9973261347366845
1.0028736291210025
1.0113251399906211
0.9793552790939677
1.0194611058639036
0.9738781105121179
1.0447894381438634
1.0220852541005279
0.9860111679807907
0.9982047715698554
1.010752761000017
1.0004605739726875
0.9947602006051619
1.0370696599590623
1.0226386902677114
0.9849088620379389
1.0370290673497922
1.0303871503471063
0.9877588404248846
0.9907117028383794
1.0188928686190177
1.0114559320570435
1.0091303221713526
1.005072648955367
1.0266239112730664
0.9976699673596323
1.024611780479883
1.004222652533163
1.0093885096802357
1.0224487868075163
0.9898405812659632
1.0272846694919313
1.024805299363728
1.0281348998746873
1.0146064411517601
1.0255875314474951
1.0156389584147396
1.0499333363209136
0.9980559730826294
1.0193437719837004
1.0215655736374638
0.9927878189455704
1.01002048301308
1.0542755522891616
0.987943151124897
0.9936102132256514
1.0243064922522074
1.0029724042416328
1.013189528207832
1.0138406612685806
0.9862041160106202
1.0750303182234207
0.9811714340214349
0.9951087426348961
1.0081611101950128
1.0153272027776903
1.008850706934477
1.0142331303801868
0.9986862253897796
0.9912540564629062
0.9863039863219563
0.9867560889203304
1.0335845024566526
1.0437789345412807
0.9929881740769059
0.9940827472858181
1.0190701562874473
1.0204316500554882
1.056939570970953
1.0086033581587681
0.9918171230935264
1.0077386064012313
0.9959265938644305
0.9743754010536514
1.0201815502162346
0.9885880640199636
1.0304237671663645
1.0258571144120827
0.9952457481220548
0.990190768669426
1.0484755250533841
1.0221652186424175
0.9963050460218146
1.0060184632082771
1.0097295897367617
1.0101889439209362
0.9996496257347885
1.0105699389256264
1.0439590209116645
1.0050037292836727
1.0392153941585958
0.9914873660960591
1.0555525725030523
0.994669899559776
1.004128592279806
0.9992563668154824
0.9852484872011488
1.034952682833611
1.003936069153956
1.008567140016144
0.9902749290015521
1.0010321677232783
0.9685254976990599
0.9948533912597445
0.9918612040475979
1.0135594403340022
0.9908818407764732
0.9969052910406823
1.0187265304905622
1.0170332151397108
1.0025528599059952
1.0099568836831712
1.0234280459731053
1.0093783681049087
1.0059706022212165
1.0139714977214263
0.9986793037793177
1.0010312206252439
1.052456044591565
1.0044073207914315
0.991060712876319
0.972144928147252
1.0066406366211016
0.9997779171626616
1.0035482365478483
1.0170260406278848
1.0472562365512756
1.013459481103371
