sigma=1.0 time=35.05800008773804 mc_step_length=0.5 num_mc_iterations=100002
1.0535128260407758
1.016679777709413
1.0063395586570254
1.0023150315904834
1.0053793213715878
1.0072535671738787
1.0041777100201303
1.0069659242631102
1.0016572446652807
1.0097162865860645
1.0009665406943045
1.0035138206351555
1.0071814479157573
1.008948841082589
1.00935208699099
1.0018156194792356
1.0030528778366563
1.0059243985453312
1.0092382529696924
1.0059687776286066
1.001646934508641
1.006478740700844
1.00439149624658
1.007526297295281
1.00579264247832
0.9982302016788807
1.0039843381589981
0.9966600596559099
0.999896068083723
1.002168670468594
1.002874529076861
1.0032566534422003
1.00684382477414
1.004036846282699
0.9969806541687541
1.0057665683631756
1.0066531491905912
1.0020095997475928
1.0047453399684632
1.0052812379478977
1.002555271659549
1.0005115938231182
1.005621618529711
1.003176276907517
1.0014215313495807
1.003828227813355
1.0049582179253045
1.0015661373026938
1.0016220329761742
1.00321188850438
1.0011452712945315
1.0015564793052913
0.9982993277762324
1.0057683525086658
1.0006857828472275
1.0024883358317533
1.0006127944107104
1.0015065391615237
0.9996665722189865
1.000342352270288
1.0037947589625806
1.0047960078582638
1.0019572734784157
1.000732542993529
0.9996405533491769
1.0051740591380172
0.9999741108865312
1.0016985047127687
1.001131897435009
1.0011260919936131
1.003733217602979
1.0028770708888786
1.0079803793955375
1.005350079600174
0.9955781558889563
1.0007164087529754
1.0077372501000958
1.0020501223894571
1.003374721514447
1.003313800427726
0.9999234350913923
0.996668526784003
0.9994559015169044
1.003138910516619
1.0033182526827842
1.001535864468463
1.0051053949479083
0.9976259773832464
1.0034104156366175
0.9999383932020477
1.001021940848948
1.0021677698716516
1.002758554624295
0.9988008469276873
0.9990534446477879
0.9987254588389869
1.0033213435898494
1.004690987254691
1.0039872404798325
0.9998676673563995
1.0032901689600469
1.0005771654887574
0.9982813562886721
1.0048258332699405
1.0009462618313358
0.9998367222524501
1.0042654983388637
0.9966982328451746
1.0009088619097228
1.0026974548226166
1.0001554800050712
1.006457175181925
1.0016908332285808
1.0055050201795699
1.0024975403318137
0.9991258678763797
1.0027258270682873
1.0031100617082993
1.0029759697164804
1.000024926376295
1.003196217518715
1.0052577409538535
1.000373000675747
1.0022094268067918
1.0016582617250085
0.9985334554292068
1.0027006152856504
1.0023386104942145
1.0011712168526599
1.0033397209576267
1.0001827112271762
1.005177464156061
1.0020396778628955
1.0052250668011744
1.0028381323007343
1.0046106002106272
1.0003875938086144
1.0020047328612052
0.9991901278692235
1.0014773013695792
1.0051516025187817
1.0031827521000416
1.0035308423218685
1.0007089466671042
0.9984744055839238
1.0013206897575098
1.0041017634127536
1.0026834151130841
0.999664581623484
1.0005723295292952
1.0031927266494076
1.001298301296942
1.005267966506136
0.9998948961426808
1.0020876114659987
0.999734459854941
0.9987773224984087
1.0018594822203482
0.9993501936025535
1.003102625018166
1.0044190764312857
1.0006008685325765
1.0066525911585362
1.0023137672345523
1.000684132648297
1.0023672498248797
1.00224934425194
1.0037855416583856
1.0000093087308008
1.001592042109791
1.004110675426346
1.0009812290508284
1.0045416534030087
1.002508176209681
1.0010023044397616
1.003050408216617
0.995617842084104
1.0066994055588523
1.005252539501214
1.001052460209995
1.0079563441543695
0.9979235943336157
1.004736509651052
0.9986573790119311
1.0023834420000468
1.0002296621324736
1.0009586048833303
1.0035772580437787
0.9984922816954187
1.001476858217541
0.9994396311103982
1.0012037229964492
0.9980173137048184
1.00241746689636
0.999007373538718
1.0013433549793553
1.0019063401461572
1.00068092808683
1.004483384741963
1.0007495513230462
