sigma=1.0 time=33.871999979019165 mc_step_length=0.5 num_mc_iterations=100000
1.1637488026411165
1.153603201844555
1.1493316756442788
1.1201268350349514
1.1545758989107826
1.1234362185277567
1.145908977243937
1.1001518580788117
1.147666648799983
1.1086681353128431
1.1151586311961976
1.1334229378553449
1.1489892378674607
1.1091982385285182
1.1597125038298464
1.1002366452741708
1.147421310557024
1.1006250128874888
1.1472461989645644
1.1177184477699091
1.1252148386410283
1.1142872274729485
1.0807820819081373
1.104910193372262
1.1432847187209265
1.123116597756816
1.132365450777327
1.1110781734755721
1.113975443160817
1.1208134334997988
1.1033217420572474
1.1237665830750732
1.0929676308815521
1.1151226523175943
1.1060348858038094
1.1115624036817224
1.1176809906321952
1.0862011219365104
1.0926985539637921
1.0950672724307995
1.0980583102624266
1.0829664623778819
1.0970215235330532
1.0934815210297402
1.098261412939776
1.1108879766914528
1.0828988498607977
1.0734554150599562
1.0594747056890557
1.0538267955040377
1.0949481063242832
1.076074125973451
1.0723064093303167
1.0608207650401955
1.093794560302192
1.067638685948162
1.0641249457162774
1.0634194404037072
1.0493701419970178
1.0664573864387892
1.077756254645114
1.084853894187017
1.0513437743342888
1.0551448554798017
1.0802250078594964
1.0429254893279563
1.0586215430681967
1.0901955713132376
1.033963290957312
1.0688848801022548
1.0496347613193955
1.0616762354818858
1.0552976926702105
1.0326072903550751
1.0311936198959204
1.068193306683272
1.0641914821339749
1.0427695634528398
1.055505703202317
1.0697172340386862
1.0619736656306118
1.0651487786475484
1.0428112531264302
1.0421397153211527
1.0702056756079552
1.0400190311150472
1.042918744539935
1.0516772982681453
1.042925211620226
1.0490779148600886
1.0456409432876728
1.060005285669133
1.0411541676915554
1.067092978772949
1.0482279784757003
1.0561602401804815
1.037870656079966
1.0444073416949404
1.043365153176726
1.0367821586124135
1.0507614451350538
1.0381129277512566
1.0373998508891924
1.0269000963177268
1.0348915456994805
1.0360239988792836
1.0358355790791054
1.028779479527465
1.0353655940532134
1.0379860048376883
1.044661691058539
1.0423996649049676
1.0315278976768703
1.0392924109757502
1.0296126099555285
1.0302285656933416
1.0326806594592022
1.0384422903868478
1.0270560033881628
1.0307356185460956
1.0166370774692346
1.0463272914082264
1.02177551773827
1.0360337863549702
1.0175245270671054
1.0286341522968452
1.0232616887543924
1.0295495490426128
1.0227319589535957
1.0251801353127685
1.037489783911563
1.02297574732762
1.027236380382987
1.0235236990524497
1.048879259682413
1.0262742797626419
1.0171139336800192
1.0191060486388246
1.0301138889053223
1.0389458286131223
1.0225960125438076
1.0235694018534476
1.0319057765471373
1.017343982605885
1.0258517812755068
1.018962524577456
1.016765253420372
1.0054057285773197
1.013979194474699
1.0232268095601054
1.0177026067557862
1.0283763069264042
1.0279616390121045
1.0166916637603958
1.021815275706814
1.0215165604316028
1.0260418821459152
1.0124723470649726
1.0151835946778847
1.0296685222110138
1.0273647912417327
1.0301127446264113
1.02499601795351
1.0139146258335205
1.0264067665339704
1.0124251843758985
1.010576062859186
1.0174990821653858
1.0155445952585125
1.00767699846384
1.0105109086258979
1.0213642367270512
1.0061982438621542
1.0131419924867273
1.0219373995581644
1.021808992150303
1.0110710869062376
1.023596296876793
1.013084191137048
1.0217472070945908
1.0045781791271873
1.0230958217314934
1.0278013261164043
1.0100426811661165
1.0155657853176652
1.0186236690513315
1.0279653148091374
1.0115497356272705
1.016653129197862
1.0159939567740328
1.0081835853490302
1.012866229575435
1.0044861970358248
1.0092479770183804
1.0094130445150038
1.0233106352272883
1.0099759374033102
1.016481660867361
1.0054497980360813
1.0099781193373525
