sigma=1.0 time=36.56500005722046 mc_step_length=0.5 num_mc_iterations=100002
1.026759429664509
0.999787253374668
1.0020393678169763
1.0038312127482392
1.0039833037369137
1.0004326154988439
0.9990419901099656
0.9998305893625887
1.0035304019567768
0.9997225091453973
1.0009614980859236
1.001842121969581
0.9987579967883321
1.0022451054087338
0.997048622476264
1.0010718905237765
0.9994860617548461
1.0008524822232392
1.0007306353905843
0.9988594956698519
0.9992820030237966
1.0017693786685495
1.004548909867536
1.000478439010315
0.9998982112639654
1.0017598344898229
1.0003791580444217
1.0031448818878632
0.9977344921680532
1.0019889982229748
1.001146110761968
0.9998811748012345
1.0014625380382296
0.9998523263743238
1.0010808676261211
0.9990847978418664
1.001526038266618
1.0012576571413665
1.0000376878617407
1.0004030664422614
0.9997729874067491
1.0001442824338278
1.00087139350964
1.0019496758510475
0.9999037534502366
0.9998058250982271
0.9991210503325832
1.0004767941393584
1.0000919290336114
1.000712867891626
0.9999756503635319
1.0013159270848628
1.000594398558848
0.9992434759996192
0.999019034318644
1.0015769495739464
1.0000875406500322
0.9997885882208546
1.0009493349908916
1.0005098263843792
1.0003754132917884
0.9999966802049339
0.999661444482484
1.0014470996325249
1.001174627331633
1.001391431691363
0.9987811331003724
1.0007204316310871
0.9990768265595653
1.0001082994199413
1.001370421264911
0.9984741211622951
1.001257187937808
1.0005839462205188
1.0009286137473539
1.0007008040980014
1.000430995016991
0.9998260574008886
1.0008701000289106
1.0009222893262624
0.9982988424812029
0.9992369181144874
0.9987445367253436
1.0011985671815455
0.9991505383405195
1.0013815214374182
1.0008209325948807
1.0013466159380546
0.9988787257533188
1.0021685422642888
0.9999451246668795
1.0010224903670204
0.9986864623927679
1.0012616118126163
1.0001309472460698
1.0001457922286414
0.9993477784956479
0.9996794045357045
1.001296028330754
1.000167927518641
1.0011803205296215
1.0006821193591569
1.0009632610375456
0.9996208225166715
0.9990911595823626
1.0013247035745634
1.001733098257027
0.9989086045744416
0.9993042066131933
1.000118398653615
0.9978421357966935
1.0016636114277533
1.0003409375840124
0.9990995885801597
1.0011697148055922
0.9992245349222417
0.9992454553510464
1.0001075574114398
1.0007786767927827
0.9993350926879107
0.9996833580592883
0.9998389096143546
1.0012288957568003
0.9993288872516116
1.0000101992108248
1.0019343673975578
1.001036998983072
1.0001148873269707
1.0022505931793884
1.0008906473633437
1.0020716480726923
1.000353778317052
0.9984823148093275
1.0004102021519536
0.9998803994926525
1.0018030697853633
0.9991574241778077
0.9994523067049933
1.0003220477551595
1.0010660785433902
0.9985186029601087
1.0006025494345403
1.001137064537741
1.00247231130494
1.0024220370857853
1.001229640492521
0.9993616441723772
0.9990267059876455
1.0012757142028708
0.9994988681071603
0.9988830001513062
1.000070411785387
1.0001780911343026
0.9994669099420666
0.9999577535638045
1.0005837073811348
1.0003598932569533
0.9987602274070314
0.9998099488020208
0.9995981753049376
1.0007127716894793
0.9998482107123207
1.0008702349706247
0.9992546437174776
0.9995487288707311
0.9995243305707323
1.0004658224212102
1.0008444234207359
1.0008603515914132
1.0008245549661214
0.9998895238872134
1.000193127720692
0.9992450776022969
0.9998481057329227
1.00097389016195
0.9999274789262508
1.0009892148968462
1.0005968558484626
1.000820159396609
1.0002555048162065
0.9986264730612667
1.0004980512211439
1.0005633086409955
0.998808423204289
0.999284480940313
0.9990322279220099
1.0009418969369794
1.0008752645444294
1.0004376083176219
1.0013467021599627
1.0006338824328131
1.0012586506180725
1.0014691713922312
0.9997119464348794
1.0003425977184814
1.0002496165814445
1.0002670948824846
1.000276863153675
1.0002665943712328
1.000850208544895
