sigma=1.0 time=3.129999876022339 mc_step_length=0.5 num_mc_iterations=20000
1.305448535061951
1.2252696773868754
1.0669909601296392
0.9979945540984996
0.9955454070033185
0.9968302723463652
0.9984008355205749
1.0070313500897397
1.0038024726606252
0.9953861349720176
0.9959495448831212
0.9944292523243253
0.9986215976538619
0.997234128442076
0.9988721314301996
1.0031527117946621
0.9935641945022019
1.0032971788750051
0.997091815698776
0.998433463924996
0.9994292535551237
0.9988142544098444
0.9988910466517348
0.9990390329894855
1.0005273379648802
1.000629023949115
0.9954069059682681
1.0033434551829739
1.0003317678358044
0.9985419973574189
0.9967594963494946
1.0004511646842704
1.0023368808557123
0.9970653653221624
1.001709355661922
1.0089292481565864
1.0015664323269262
1.009749771773645
1.000259610866044
0.9975369951035524
0.9993988826163336
1.002855667954581
1.0016007078271159
1.0011958013865636
1.0034320372977552
0.9987448753233754
1.0001101992028305
0.9977188891068726
1.0004138976207686
1.0002684214978865
0.9998189385485646
1.00198302017054
1.0038495895535458
0.9983595835213868
1.0030557931402035
0.9976036775016236
1.0013843229622672
1.000861100192483
1.0031217346451855
0.9959498146167713
1.0012992928318099
1.0034981188559673
1.0002440261411383
1.0018144373655582
1.004791227900704
1.0004655044911808
0.9983207001281683
1.0076100433776047
1.0022501997195747
0.9996341672277423
1.001118519894705
1.0015064333684855
0.9997955970172501
1.003202668442281
1.0000552530248503
0.9984561618580183
0.9993583783011136
0.9982196734310056
0.9984725453001333
0.9999198520610654
0.9976679610950665
0.9995999130777702
1.000776318795677
0.9991602846501841
0.9999235305738753
0.998862580429453
1.0000777276830597
1.0013145977490117
0.9989538247290424
1.000552111779048
1.002363670415943
1.0000002989540326
0.998477303554984
1.0037057575594315
0.9991423133632756
1.0003469358238584
1.0033983150070998
1.000759303199835
1.0013782611643967
1.0012140758949843
