sigma=1.0 time=2.7840001583099365 mc_step_length=0.5 num_mc_iterations=20000
1.0826950634156294
1.0133516079787195
1.006683220346912
1.0151555340480143
1.0019772777722071
0.9988587466385105
0.9962628353395027
0.9995542291091016
0.9981995607249052
0.9975064943916481
1.0052294080355133
1.006694181977517
0.9999596630903017
1.0010683172089363
1.0011656494754848
0.9990960816503606
1.002702819430198
0.9992556364086491
0.9956910391977905
1.0006229419073203
1.0047221159160513
1.005679814907006
1.0019341545078404
0.9969093178883893
0.9959358903952222
0.9997323446876931
0.9996449119776938
1.0018710953431411
0.9990357120034605
0.998671615087875
1.0017022814775078
0.9994520059000516
1.0013229441041673
1.0017272552399463
1.0014041283069308
1.0027094524739564
1.0005272247665824
0.99673585894434
1.0013193602449049
0.9971232423395435
1.0019662677913486
0.994988634608672
0.9995518155134989
0.9967768610948021
1.0023645675352473
0.9979540155562169
0.9991007032444739
0.9996578568458347
0.998128559770393
0.9989653183873378
0.9991097836429673
1.0001761202615294
1.0026904499229634
1.0001553398975955
0.9994122751937693
0.999086889231558
0.9995677100758653
1.0000050341812772
1.004025711445915
1.007284512767846
1.000591992803393
1.0022195947096328
1.0019841023499123
0.999382662765198
1.0097632560094927
1.0024892495266788
1.0052123598557259
1.0072123165898905
0.9979754533596006
0.9981282009720777
0.9976587161451693
1.0005480451870064
1.0000693539930923
0.9951997451774307
0.999622437248806
1.0021910823435178
0.9978109289992039
0.9997989752057547
1.0007701896310037
0.9976388245480664
0.9967090817328736
0.998105143076213
0.9987966776462749
1.0026349020858598
0.9981145089438143
0.9985980014552461
0.9993135619563298
0.9980643351045286
1.0040619921107048
0.9963899300425697
1.003551854705921
1.0023711681748224
0.9993132824029815
1.0005550606537152
1.0023758237127995
1.007336508274034
0.9997307968276776
1.0020850347232928
0.9958232138618193
1.002417958899016
