sigma=1.0 time=3.7179999351501465 mc_step_length=0.5 num_mc_iterations=10000
1.0845517496699981
1.1267046667882263
1.0572169584773508
1.0039668815306888
0.9965958934139038
0.997431577068574
0.997897026873577
0.9947310869341188
0.9992285611903875
1.0026315604611362
1.0007831891587715
0.9964057757703404
1.0027217945034206
0.9910559764753023
1.0031023803409747
0.9965462149900064
0.9960733631907857
1.0014098757637315
1.0040563683892476
1.011892296619251
1.0069896795203224
0.9968888816179703
1.0043585655325908
0.9979346508502699
1.005924674835973
0.998688386283295
0.9976749629797959
0.9959742428238978
0.9996425184894621
0.99921953009177
0.9992447559410111
0.9997703992733192
1.0013923694839302
1.0015013767070216
1.002964571150647
0.9972858401715983
0.9950405072023016
1.000944339990671
0.9995685339647643
1.000571449243422
1.0000483131948228
1.0080072907170057
1.0037224763271348
1.0000134416951099
0.9970925839806218
0.9994612999532407
0.9967748818632385
1.000269393699681
1.0009518876497911
0.9993371605518255
0.9968644409748314
1.0008236509296495
1.0006579865101461
0.9991698896410034
0.9981885445993184
0.9974212937965641
0.9977423373112297
0.9992325945930343
0.9995812416614056
1.0020171825382436
0.9984701561009076
1.001802591154848
1.0040882334383925
1.0000693885403475
0.999479802009213
0.9979583209677715
0.9968846034262805
0.9990057249358841
0.998327741984822
0.9989510697727403
1.0006671515267898
1.0017086818495426
1.0013686329630438
1.0028151106021135
0.9975849449099815
0.9982025419396783
0.9998366755137399
1.001473535313722
1.0017747463035036
1.0023542564415913
1.0015346762310138
1.0011842088601544
1.0005210462836829
1.0000467487330915
0.9992150481757047
1.0002040636626839
1.0039175321651115
0.9992971726514589
0.9997703844137531
0.9986518021410734
0.9991771821040543
1.002318261598344
1.0011894268588128
1.0005607606169642
0.9997016772703926
0.9999762185663462
0.999354996679246
0.9984313455310319
0.9990827087685525
1.0006346211975186
0.9990898724655146
1.0001302962817777
1.0019125395960888
0.9972240521834127
1.001641664497655
0.998292746822699
1.0010989775252939
1.0018298005515471
1.002589020845897
1.0024420039606208
0.9978139364126684
1.0015560065278617
1.0015850566684175
1.0028464279702822
1.0006314534760867
1.0006144485387674
0.9995560613704956
0.9976729376780025
0.9996945960185291
0.998777756290375
0.9994585449355484
0.9993813833697047
0.9994078670640695
0.9998311891039402
0.9988954925473791
1.0018106812356675
0.9984467609052908
1.0003204484259034
1.0019119624937505
0.9992236405698298
0.9974960855315796
0.9999656567068428
0.9996918190758834
1.002513317728446
0.9990574064693206
0.9994076512612085
1.0019278442279251
0.9972719052182408
0.9980874785534435
0.9998386428733377
1.0018397950048146
0.9993379114184239
0.9993457118011633
0.9997045839615035
1.0014791917692978
1.0012932418609723
0.9998126523357281
1.0021419231222335
0.9974882167963718
0.998728659848143
1.0016027765798816
1.0002116457794088
0.9993553505577948
0.9978206886172125
1.0013437831054848
1.000820441209446
1.003992014971286
0.9996480142886117
1.0004027813249392
1.0015616981554627
1.000890603955259
1.0026193453468355
1.003392981839771
1.0005712785076604
0.9984327809260928
0.9986815250611459
0.9986739425849375
0.9993050397232648
1.000553259216926
1.000699513693906
0.9993255449577585
1.000722895755352
1.0001535342296675
0.9989521379025341
1.0002713631698779
0.9994625976731029
0.999437684709
0.9994071951321568
0.9984346751739346
0.9996472146521131
1.0019884224100144
0.9995598355394407
1.0004739109562562
1.0002636536446752
1.001511649688441
0.9997455994958533
0.9996210448781274
1.0002452157824333
1.0006831335701087
1.0012470600630707
0.9987251625870066
0.9998314604687908
0.9999529270970057
0.9996412888897874
1.0002928075416608
1.0002485083135844
1.0004491695517925
1.0026696795615535
0.9992044479155833
0.9998639285787803
1.0014594382932585
