sigma=1.0 time=2.761000156402588 mc_step_length=0.5 num_mc_iterations=20000
1.1915688949022722
1.207468611064234
1.182578821668973
1.1005257065194576
1.0573953497966515
1.119522738805711
1.0770738379120657
1.1495833855948383
1.0409416433994543
1.0643366173804756
1.009595126050608
1.0465964214045211
1.0493474347711451
1.0591270482136048
1.032077038113956
1.031579659584927
1.05163378109846
1.0173527569946679
1.0208659343506727
1.0311808630444674
1.026875961277751
1.0516051009018386
1.0161816229792677
1.0491378489729344
1.013465126243065
1.0217309372672796
1.0176766223232683
0.999370783493457
0.9840068642160277
1.0269667705573104
1.0274999690559812
0.9882214389200509
0.9979034674315939
1.0142381909390874
0.9908376377614099
1.0031177353811944
1.0028800925652417
0.9980422928739348
1.0140998634486087
0.9955625457502854
0.994387806907991
1.0176469728990762
0.9958047361610549
1.0186069182616264
1.0027909506514117
1.025996298914923
1.0238439787452558
1.0299535803833535
1.0051342377535504
0.9992860934647034
1.0148882124908405
0.9977353307705992
0.9942369383483813
0.9928423915358906
1.0046530983144737
0.9910200555391544
1.0043756284387646
1.0129477874691044
1.006350972637873
1.008416707812791
0.9952834937443681
0.9982541231237436
0.9876479239851607
0.9976795589313512
0.9970651162667966
0.9972582198601416
1.0177377335479987
0.9961058357968433
0.9982491815965064
0.9962062443928975
1.0159479047762157
1.0206515217382486
1.012953003074325
1.005309424381985
0.995089541205495
1.016175659045864
0.9983417781755446
1.0340542607770642
1.020087563270611
0.9907650024860418
0.9950428336948427
1.0124558249448758
1.0079472582398983
1.010760109264137
0.9913097609842415
0.9968911793848914
1.0031816958540383
0.9930355641529278
0.9961216015182719
1.0001782864555624
0.9882567246613909
1.008812969125294
0.9966880188970364
1.019494271997582
1.0029698376036325
1.017120859501243
1.0084796374603908
1.0150086191623129
1.0058942141650715
1.0253992853332177
