sigma=1.0 time=32.17199993133545 mc_step_length=0.5 num_mc_iterations=100000
1.1057012102197832
1.0860161414126228
1.0747278233308013
1.0290735287678676
1.0655603229496913
1.0472148928453295
1.0294913784543214
1.0239722102392168
1.0148999960163836
1.0099933703898025
1.0119592657985181
1.0156839280524474
1.0138276027554485
1.0110439893696324
1.0124710266803474
1.0030493491080918
1.0093625160853767
1.0060970598886545
1.00716388251581
1.0050228922871054
1.0059330084193532
1.0103808660954547
1.0032947669697232
0.9999864946555069
1.0018205016129742
1.0038073348026442
1.0055457445222575
0.9999994991709223
0.9980778164434112
1.0028593007728388
1.0041871669803024
0.9989759364706428
1.0053565196507916
1.0042048587522872
0.998791654517558
1.0079119891810955
1.0038530308058315
1.0028236660874639
1.0030125021974212
1.005910011469468
1.0008482586102077
1.0014488928194603
1.0028896251136696
1.0002886094769607
1.002101049244994
1.0057200419713115
1.0016260657897558
1.0049433674275392
1.0026606777409774
1.0040232219467489
1.0024249946443116
0.999871516746419
1.0013502405279606
1.000485206238683
0.9986615016973542
1.00358298581383
1.0004185541565502
1.0042861086392068
0.9979650666137261
0.9998627815436383
1.0057570386147539
1.0030098171398363
1.003043981591836
1.0034008264591432
1.001770554376259
1.0021324960481464
1.0015449017742732
1.000189891909419
1.0002388752758136
0.998359483466528
1.0043384430919384
1.005495777594756
1.0021730182189792
1.001355353143442
1.0089891413469467
1.0019208216031934
0.9997036877625184
1.0027315252093691
1.0006300740724716
1.0060425828793607
1.0001823020801777
1.0019670692521543
1.0014688220902177
1.0004522884074263
1.0067100400762368
1.0021257268105614
1.003735548650472
1.0019445867699486
1.000232516541764
1.004550130684967
0.9971783640895634
1.0020255721919933
1.0004583435180607
1.002049792708009
1.002229480442222
0.9992573890756116
1.0027183324316862
1.0028756826598701
1.0006187756230713
1.0017187983479436
0.9992955389311928
0.9994912075123573
1.0027141715820014
0.9986582500720486
1.0028683292769467
1.002196312030532
1.000942282405961
1.001818387383447
1.001651488266846
1.0032930817708383
1.0030926742615411
0.999129796456952
1.0000397109920163
0.9984444452472951
1.0016321684940954
1.0000430151720865
1.0003183225055292
1.0016778408810718
0.9989440913498451
1.0000690504382856
1.004696190727024
1.0017090320645317
1.0014514512610886
0.998085638027929
1.0020602432948043
1.0027419999963152
0.9993816773468231
1.0020106227371597
0.9987721244779479
1.0011005693283492
0.9994272710307929
1.0019274885362808
1.0017965336715158
1.0032126775986985
1.0030064716169504
1.0000960017658411
1.0000157444491629
0.9967503373064966
1.0023578907568766
1.000027908693949
1.0001827688103555
0.9980277124549586
1.0006190219548599
1.002721506089002
1.0042693291046252
0.9992979779939302
1.0026351304742422
1.0021586024714855
1.0002008688229096
0.9996598623022597
1.002302443600463
0.9995820617310274
1.0012137822230738
1.0010301312066612
0.9986014524531036
1.000596582311354
0.9977831086724814
1.0028400522981713
0.9992425727750297
1.0001662464326757
0.9993438889554987
0.9988564037021359
0.9998153556846406
1.0023334648531539
1.0010954350434755
1.0000375061702482
1.001265854060773
1.0041533485546519
0.9989980103607279
1.0023059992141177
0.9999543508748416
1.000421099138943
0.998895261888266
1.000057302916161
0.9961853397076839
1.0022288568724544
0.9999502090251599
1.0005297553351493
1.0029811400028597
1.0006595925760362
0.9990511379582202
1.0002455845092117
1.0014632356568836
1.0012440418909363
1.003227684580429
1.0006954098536072
1.0011915193694103
1.0011303463530756
1.00328969005258
1.000742235777269
1.0008230302940824
0.9997818665118333
0.99903853120153
1.0017132891591551
1.0038606030517172
1.0013548531837757
1.0000414517579934
0.9974545600555038
1.0003198590738138
1.0010908565783572
