sigma=1.0 time=3.7190001010894775 mc_step_length=0.5 num_mc_iterations=10000
1.0845517496699981
1.1267046667882263
1.155557108214742
1.1175903046429516
1.1094686457660847
1.136442819919524
1.0812181044959503
1.1058277870275561
1.0056323477444769
1.130865619283842
1.1582423475506447
1.0402861380728377
1.0290097920049375
0.985597558730438
1.0977971101159552
1.0832977730579587
1.0514599089989187
1.131534996014445
1.0809581572279559
1.071404384256138
0.9965141089924167
1.0693473024015399
1.081893206295902
1.0015250169914969
1.1333013734301833
1.100089180076513
1.112667412102864
1.0640734476820575
1.0222428803502603
1.0503490415981274
1.048246170134848
1.0154648201609842
1.0386408709775796
1.0889904424503862
1.1019551388815156
1.03407928788749
0.975805316487868
1.065406948900062
1.096200282205731
1.0719644563069108
1.0718806216839094
0.99328335977893
1.0239632832998218
1.0240489443666638
1.069129366629229
1.050181458188965
1.0510838359435355
1.0640883274358466
1.0089019802766013
1.0346684530779364
1.028272220612052
1.0155845337521616
1.0172437005154913
1.009016292706344
0.9883886524539877
1.0278977656111719
1.017928781469449
1.0336617516298656
1.0349572842722625
1.0348857578745898
1.0131379886709344
0.9918187935875341
1.0528936088361762
1.0215516378025935
1.0226394728485753
0.9835984429873851
0.979991408084615
1.018751430569131
1.0283649201034242
1.0268803133236588
1.012642355155637
1.046424587543875
0.9543226484939065
1.0196049211898273
1.031776234105989
1.000934532567169
1.039829673445225
1.0291943974370923
1.0179402525170624
0.9942619362211361
0.9848032139880756
0.9988373515124005
1.0106599426338942
0.9974673939027658
1.0242475299544016
0.9920732829465494
1.0391726416150353
1.0188675987958882
1.0203412270949959
1.0124293483288551
1.030186919506525
0.9922743911192672
0.996638940589965
1.0167158035831287
1.0291499888730076
0.9976295621030153
1.0221655426858673
1.0158621160747117
1.002859782023468
1.0222659161652239
0.9960819987251989
0.9998146940677879
0.9973964891077768
1.0172516252756476
0.9958020906393258
1.0206040012086046
0.9778810176272255
1.001535150556664
1.0012781027698163
1.0146329630415938
0.9980948983801131
1.0045920235968249
0.9904814823321091
1.037520349789236
1.0147485627134203
1.0005710387843652
0.9942839718856966
1.0085834962794276
1.0083425693563652
1.017718372860002
0.9874016746947123
0.9935814937434821
0.9962491364162329
0.9953509853885886
1.0097985826136242
1.0136905817634956
1.012787237444971
1.0012391714462763
1.0104611301547073
1.0064239287214987
0.9898005336392508
1.0066560459462144
0.9895919581827339
1.0155336137514872
1.0114851782456065
1.0109394896195496
1.0006035319299218
1.0093247160892282
0.993272956447559
0.9965755635405166
1.0006788847333643
0.9890802970490823
1.007439490362397
1.0048406450059504
1.011924957906118
1.007864040263751
1.0218157646170571
0.9879466440441403
0.9945774427562322
1.0071404677885516
1.0001927446485324
1.002336697365326
1.004635893810961
0.9905235725138737
1.0013352340244894
0.9894123507807323
1.024765097836893
0.998931495388913
1.0054607965857691
0.9993411983675701
0.9987543600874585
1.003898809833311
1.0035008099694693
1.010868471157746
1.009573433897125
1.0003244253498127
0.9955501405690713
1.0002034352057163
1.0048754156513633
0.9902405856817463
0.9992627482744961
1.0053730585943865
1.008766312270156
1.002209305619309
0.9936859868413064
0.9951674062570172
1.0036476199588427
1.0030472051984454
0.9953492528506088
0.9976330018949654
1.0125141373926427
0.9958460918229659
1.0098970514482657
1.0018494241528169
1.0044785129936127
0.9988574432509674
0.9984408619879825
1.0069562000632009
1.003980403344323
1.0062690601670954
1.0063221328639962
1.0065745561599988
0.9998730283790581
1.0087944999377314
0.9953195841412418
1.0014277255323423
0.9980602999241948
1.0041564040562314
0.9975073966355057
0.9990833979312567
1.0002245545690265
