sigma=1.0 time=4.351999998092651 mc_step_length=0.5 num_mc_iterations=10000
1.0845517496699981
1.1267046667882263
1.1046241053819925
1.063497805610926
1.04021789991198
1.049503290123301
1.0115263431193813
1.0212810072303469
0.9801793589906297
1.0246275847720139
1.0258193377150993
0.9923688379137847
0.992742707484998
0.9832554453409548
1.0100435670910304
1.0005907321228567
0.9968574167706203
1.0060128391446506
1.0042123972435486
1.0035391334052888
0.9955408909799918
1.0018154292484664
1.006958368473002
0.995696400813469
1.0080344393557286
1.000551831529937
1.000516229425263
0.9955884011602761
0.9983010033032604
0.9995854438552747
0.9992981230705398
1.0002245886931795
1.0007120694674898
1.0040802579730834
1.0047374233191355
0.9986755246591753
0.9942430535348277
1.0009492510322615
1.000896637552707
1.0034418352937102
0.9979295895284997
1.0064800947652917
1.0009723053644783
1.0011052707935322
0.997801254919234
0.9996171902671418
0.9955673844457669
1.0004072384509244
1.001942369462624
0.9984696270063558
0.994618755795508
1.0011430427057428
1.0000587966377352
0.9984103393659006
0.9966363762464925
0.9968393747131664
0.9970126501654014
0.9994657561355473
0.9992059538834049
1.001583411445445
1.0007778474397224
1.0025402872224665
1.0029153407340186
0.9987308611786335
0.9982058285990298
0.9969293037406078
0.9948879106282131
0.9987230704085441
0.9981766059574545
0.9982861703745514
1.0000722336928813
1.0003467595329232
0.9998847321503258
1.0039987401557429
0.9985537190867623
0.99760949676918
0.9983915544044307
1.0035705546661797
1.0026921751280797
1.0038436312076005
1.0000851288010553
1.0002127907645018
1.000347022037451
0.9990282199435758
0.99827092951521
0.9997097049816428
1.0035266775003497
0.9991739347829299
0.999636209017315
0.9978120338486528
0.9982563493417437
1.0030233178855306
1.0012448868967199
1.0014533604211524
0.9993924175183794
1.0000564217179304
0.9993685134703101
0.9976054906337604
0.997711423953399
1.0004711561146518
0.9976417705854423
1.0012899080352027
1.001831087385637
0.9980946469803499
1.0007880222499788
0.9980859858151261
1.0016595247991305
1.0014303303541128
1.004672806902329
1.0052964156714836
0.9962455842728788
1.003036767752113
1.0015603489710305
0.9999627146863997
1.0024201988297312
1.0016122892287862
0.9995863355508552
0.9971124988112793
0.9997734527400901
0.9989885420200485
0.9982616936581186
0.9988316318469133
0.9988351589092643
1.0007732933744884
0.9981227414640566
1.003204057847575
0.9964717414734492
1.0004875246102443
1.0026910144266135
0.999251588918738
0.995706016976638
1.0006800156758273
0.9992583613413114
1.0027889249754813
0.9999591831736817
0.9990206114034578
1.0039404278367041
0.9954587001869901
0.9972823461986621
1.0003390082406751
1.004616109103347
0.998010274615354
0.9996282489108971
0.9999161946808256
1.0023772668605586
1.0031454123708095
1.0025021435908044
1.0017658088912302
0.9970644987421838
0.9978334869027065
1.003648495631349
1.000224057271531
0.999071682135613
0.9952039820224434
1.0030258799440572
1.003452732907387
1.005964733567489
0.9995378569670951
1.0009583104182946
1.0008135114885912
1.0011998367013477
1.0051250956836875
1.005655127190578
1.0001202403269165
0.9982886629829342
0.996980484516595
0.9978664349352575
0.999002552670159
1.0012489377338865
0.9995409379232864
0.9999672421568385
1.0024112289257947
1.0005380803852868
0.9970462259857973
0.9986030555947868
0.997760031748239
1.0000184167454629
0.9987768820356581
0.9965522607133788
0.9996227524895093
1.0019552845745052
1.0001699131745228
1.0012997835721889
1.000953968760594
1.0041219172323235
0.9991278628334482
0.9983029785440518
1.0006968457214573
1.0010109758254095
1.0006288460896189
0.9995766692380691
0.9996761818100024
0.9997126298427589
0.9999946847716563
0.9984567511756983
1.0005763093339597
0.9987545707754468
1.0045247435266094
1.0011993433341473
0.9998413618721973
1.0006744698260293
