sigma=1.0 time=37.15300011634827 mc_step_length=0.5 num_mc_iterations=100000
1.3416866263028286
1.2565659515846785
1.280450287621614
1.3100957316458453
1.2521417794629286
1.2307182066685534
1.28725827356634
1.2230353961416145
1.2140205858661146
1.2146585826986478
1.2039058540201049
1.2272260496338825
1.1922713042873323
1.1896666647255627
1.1958652975701407
1.2280071178270338
1.2013809785582692
1.1805394441642894
1.1303609686102312
1.1566636165659976
1.155706597741503
1.1534611521872586
1.1662528882447827
1.1849997099085594
1.1417625285025075
1.1255497120411628
1.1252927873623122
1.1649458819737621
1.1590409914558264
1.1314954750329504
1.1225761038051463
1.0987142113089006
1.1312333999502893
1.0604001947139934
1.0896418394506917
1.1049441299638374
1.1407724467188483
1.0801335242878995
1.1109962721983406
1.1183945919729321
1.1194798941079727
1.0946651590026923
1.1083492190667585
1.1208526265093712
1.104855868685311
1.094360184082079
1.0675099754098711
1.0739025840280072
1.0848693560593847
1.0952952512978218
1.0898676884908618
1.0924246710192893
1.0784630681567153
1.0758673343508975
1.0776471254103144
1.071145000343535
1.067231170232571
1.062240982865301
1.0678941525574108
1.0611344500742035
1.0755614233046016
1.0697794685389237
1.0717813756601884
1.0575139253515637
1.0476110106135863
1.0555293482816002
1.0538761745278784
1.029744141737497
1.0525197729585964
1.0609884500038218
1.0503281636102528
1.071444620536024
1.0421309865836463
1.0457022897878374
1.0558056314633204
1.042856754179842
1.058502264040554
1.0406485765642897
1.0496441291962408
1.031012940096962
1.031465206155734
1.0248527225950361
1.0494429664046014
1.036135086736165
1.0414303757492736
1.0355614883980526
1.0284352623907431
1.0387257352777555
1.0239341282696928
1.0199518981998927
1.0477543782625245
1.0288696640723805
1.0362364675046356
1.0227251595919493
1.0254975527315382
1.0387467922318212
1.0322543371040513
1.02420231870759
1.0335362621983322
1.023487920254934
1.0423900456200907
1.0223749137780374
1.0274357750707401
1.0279023120214654
1.0253669036402426
1.0246680803275687
1.013229570613733
1.0196579036907107
1.0198717381455282
1.0251096709596523
1.0295852077381278
1.0249779599993694
1.0210145777121744
1.032129748253165
1.0175221322133334
1.0320377952220114
1.0210150882384965
1.0274177287268207
1.0237177822678047
1.0176976125528119
1.0171904130377287
1.0256330799646614
1.0196711989784764
1.0212778083304737
1.0121637009549196
1.010657777964382
1.0171797677585699
1.0005374762667116
1.0069710542168542
1.0211233842639889
1.0143892457086914
1.0180230835186925
1.0009858945949308
1.0196539299824068
1.0010618225610979
1.0080172088092507
1.0146397299140317
1.0075533961712992
1.0162789288878578
1.0113855513936856
0.9994717809863313
1.0071960488990295
1.0090316561324573
1.0091696055988022
1.0167514427230742
1.0235856910296404
0.9969278400648469
1.0081202636716908
1.006972690124113
1.0068442274654377
1.001060389261601
1.0123552910666862
1.007675509887996
1.0057826374098864
1.0071260321514446
1.0070424974166943
1.0146556078873465
1.0092226737028205
1.0049387822683085
1.0133405211991457
1.0108266073785472
1.0131770410654013
1.0075742275912856
1.0064978522508936
1.0077281017270985
1.0078204529514891
1.0086435364159745
1.0123970777351172
1.0052970274803459
0.9938097882745232
1.0012051023513278
1.0060609102968183
1.0091050221132447
1.005468463533519
1.0103156516767133
1.0032449495848663
1.0130906726224145
1.0087198715644976
1.0022068805444615
0.9957016119683202
1.0076146634535412
1.0122942012828198
1.004127136164623
1.001621355842029
1.0020517477267719
1.0036363943770334
1.0026340802700262
1.0045566264669215
1.0012384299243466
1.002941909645734
1.0099730389333967
1.0024029524555802
1.0051634779133243
1.0055537689088148
1.0029869737270367
1.004098074802891
1.0092866662588518
1.0026850434779206
0.9999520689822853
1.003092301345864
