sigma=1.0 time=3.177999973297119 mc_step_length=0.5 num_mc_iterations=10000
0.6693424628119844
1.2951533818650067
1.0414981588933125
1.0409917039049676
1.0016713154529966
1.036931840654243
0.9931879234598107
0.9967406729443481
1.0162977669702322
1.0216544064093862
1.0276460829780807
1.0291434152716825
1.0416716459395106
1.0609377785251333
1.0370225240123556
1.0005807296192708
1.0328857168830503
0.9819966131040831
1.03846550330309
0.9989995833392491
0.9879094638953069
0.999712745380062
1.0059208727140743
1.0179056174111554
1.0086657123219807
1.0266330179490069
0.99603530609076
0.9910797362872327
0.9917247336777417
1.0070685860080848
0.9872907945319774
0.9869236749305995
0.9999590248738182
0.9910224968016809
1.0469395751132353
1.0188787060929285
0.9785536136224707
0.9861176492510959
1.0105989018341628
0.9904005387813721
1.0146997874534454
0.9901520761423548
1.0231570240023324
1.010761863654471
0.9937506830883573
1.000202577721883
1.0064013972944093
0.989421689537391
1.0238185425657782
1.054771662664634
0.9936268246858928
1.040024681302966
1.0130525641497106
0.9986154287160771
1.0073286954511964
1.0054638130964468
1.028831810844252
1.0021378057352253
1.0199186298726481
1.008034106606062
1.0111817612402791
0.995096305220871
1.0240615543845928
1.008229397051421
1.0349821140870128
1.021384078957708
1.0013876710897942
1.0144221844703496
0.9859705854807699
1.0108832895604376
1.0092592503180617
0.9977656889481615
0.9966028588476079
0.9945663836427034
0.999330861643925
1.008221224827881
0.9847167796118569
1.0120946691902486
0.9807829842068975
1.0356145596622228
1.0281699233390287
0.9836004632412731
0.9949841869517834
1.0034165847483671
0.9938753017758879
0.9977362066027341
1.0207464902238437
1.0088295027958354
0.9913399893697084
1.0225324289025863
1.0191670040116647
0.9885964184890682
0.9918620511371375
0.9977551293187318
1.0042411155617106
1.000572539356059
0.9938045178724136
1.0112527685971078
0.993869090585092
1.0161978498694408
1.001915452343031
1.0058729459374418
1.0174297563555175
0.9976465152353755
1.0164118343173403
1.0128187919763822
1.0124371565849184
0.9992920826913632
1.0067370825842668
1.0025876114633376
1.0313834141901967
0.9993174408414324
1.0080767424747639
1.0055914912599135
0.9895555230778655
1.006548855188774
1.0376296642719167
1.0086310018859108
0.993378256343705
1.012418598145608
1.0042552879656248
0.9996286095783602
1.0033786917267544
0.9887937120017196
1.0380877324940343
0.987852369280279
0.9955644823113926
1.001917338852009
1.013323684608533
1.009889216388106
1.0066593713775898
1.0021795524775012
0.991077822313602
0.9900139817792243
0.9895256524068627
1.0163652499796367
1.0303464457199771
0.9947814706330099
0.9958392522556947
1.0056213583314069
1.0099092782869183
1.0246513318727752
1.0054374487958593
0.9907657787868426
1.0017405047945533
0.9937567021317971
0.986624347008394
1.0063129617432016
0.9931632584087646
1.0166676830815984
1.0170745383402389
0.9962737565582713
0.9926340643889606
1.020013027670344
1.0090463346787812
0.9929053138745044
1.000923371077996
1.0013384003505215
1.0033174508069815
0.9985104696164687
1.002925325490241
1.0218944164704085
1.0112762648395839
1.0150797161032803
0.9978739100814756
1.023992596333628
0.9953227275979404
0.9965159410265796
1.001263962647477
0.9877057013194344
1.0173246201760489
1.0060033987609003
0.9955652321869553
0.9941659334724583
0.9971193110825497
0.9863444613788033
0.994966642365538
0.9895986134177233
1.0023066948614476
0.9962629698409674
1.0016896067512926
1.0051941003073575
1.0078711008174137
1.0011378959552717
1.0013177395794224
1.0092255589158095
1.0006809180526284
1.0026194805751951
1.0098864441253637
1.0003733624728506
0.9957504291656685
1.0364364343830148
1.0233455412604562
0.9968175752510932
0.9841257857684921
0.9994077399170168
0.9997695121814735
0.9996565744663206
1.0049873640631068
1.0200076914252965
1.0085025365011702
