sigma=1.0 time=4.145999908447266 mc_step_length=0.5 num_mc_iterations=10000
0.9850095774375047
1.1073677724323965
0.9918879898162398
1.002118143749444
1.0065892092784618
1.000243244622828
1.0095165875706342
1.0024362421569994
0.9954334036302285
1.0241580346712504
0.9992422579063234
1.0041818517443544
1.00694541138115
0.9947854948058783
1.0016492184733188
0.9899493609628663
1.0083027552349193
1.0056647146779172
0.9962573219729902
0.9855206247308209
1.012961686150221
1.0072117663298688
1.00173700945238
0.999061105450021
0.9942776404013332
1.0009657908457699
1.0020903579854639
1.000441299923289
1.0065631196103282
0.9973862970168131
1.0077895969888016
1.0167752313447387
1.0101756062661
1.004065476970629
1.0072364217262497
0.9976588582970015
0.9980038360504199
1.0040092631378854
0.9966638209817452
0.9984950151070183
1.0023591764676012
1.005315556889193
0.9917137351617954
0.9936151908417554
0.9945034020745597
0.995113428928329
1.001661426070795
0.9971040473177019
0.9949369239101398
0.9988082393795872
1.0070602916014024
1.002980762441399
1.005769403393338
1.0129444505688128
0.9977759852375596
1.0285967573755253
1.0141937372577556
0.995630001639338
1.0039087887144391
1.0010746129753667
1.0116220601868726
1.0029703303033406
1.0057165121612253
1.0006808109606995
1.000565496991028
1.0082483462261862
1.0012958114132102
1.002470777635541
1.0132015152802298
1.0102523721213437
1.0050415743147882
1.0019241219096942
0.9944069202096312
0.989777486743509
1.006716386468455
0.9896903704831447
0.9979511434824567
1.0098747134045687
1.0087274274374072
0.9994997052874208
1.0015344306314151
0.9965438565433438
1.0030140627234074
0.9934213997146345
0.9981411520557882
1.0111977406734063
0.9918317101049948
1.0018797682477218
0.9983358347054451
0.9918393425421285
0.996300846910623
1.013564557735132
0.9927760870496067
1.011174478006516
1.0199291560353219
1.0133345763358341
0.9912873622551364
1.0118778612370385
1.0040091658324481
1.0024299042753584
1.0053971553503105
1.0099326687393242
1.0030704815987581
0.9968107999550591
1.0047353790418785
1.0113036717683015
0.9956233533253709
1.0104259571965293
1.0020201963085902
1.002990361896947
1.0161161712695999
0.9951381608937684
1.0079351296177477
1.0066058712708972
1.0022352385356037
0.997642553214619
1.001893148030203
1.008192991396869
1.0026564521742913
1.0016308299237247
1.0068322671145291
0.9949175046581776
0.9959008474408614
1.0078290713348135
1.0161069489684738
0.9999251046371256
1.0011689854042964
0.9913675449496032
0.9989336872287365
0.9983506692845234
1.0056757231937732
0.9923591486285117
0.992344032336172
1.0114604028056535
1.017437265181147
0.9980994549675732
0.994257048082174
0.9906687100664217
1.0032312718616943
1.0054493275736995
0.9980790165082649
0.9986489288730789
0.9902441443482694
0.9923659556418524
0.9965944749571358
0.9991913482235129
0.9978945192372954
0.9969987711520649
0.9974275863364092
0.999651241997049
1.0056439965706931
1.0045083750994575
0.9914200756485261
0.997432826722393
1.000417832983068
1.0196495318125018
0.9945134943341606
0.9919593765112777
1.0141049542419294
0.9921735064465889
1.0030192534318723
1.0073429324606673
1.0111158357710819
1.017473512729213
1.005138284776683
0.9944055962943614
0.9956121757630355
1.0029033422337683
1.0157529554279259
1.0077563134466607
1.0029884329931924
1.002890504202719
0.9984891634684254
1.0160829132125615
1.003521682045465
1.005428177170121
1.0044196571327035
0.9985344191877931
0.9967811190366197
0.9927102315723493
0.9902724612669317
1.0001208734803984
1.0055139863567164
0.9956893870416396
0.9955591205644625
1.0037219030693536
1.0003389714630193
1.002856863555175
0.9885242349584585
1.0085292225879885
1.007082775131497
1.0122493535658426
0.9945101654168621
1.0020441446255397
0.9954314407585844
1.0141279981592395
0.9936050948044329
1.0082356224911684
0.9943300478328544
1.00280471903618
0.9962171297326222
