sigma=1.0 time=29.911999940872192 mc_step_length=0.5 num_mc_iterations=100000
1.4933763698487772
1.0084370471893367
1.0024823290141407
1.0011919043614996
1.0082096063492632
0.9993421864511749
1.0035494217441643
1.0062696993769082
0.9996521717554868
1.0038154703314903
1.004219964856875
1.0018721613087676
1.00644378939276
1.0036546877158368
1.0050201988891037
1.0054866262189655
1.0094437435775092
1.0025808313894848
1.0040519093818776
1.004384164526466
0.9983880376765603
1.0007633269254101
1.0033438786179947
0.998473024080683
1.0044142297611252
1.0031967826227517
1.0017199826979581
0.9986457248752231
1.0055909945879027
1.0103070368281981
1.0026721501266214
1.0047218982243347
1.0054016613419687
1.0074870918097667
1.001889084717042
1.0000493885307304
1.005116614358221
0.9984165812625785
1.001648007880194
1.0003202203199297
1.0078729480203812
1.0090221268914896
1.00591105562906
1.001103902572811
1.002529806155429
1.0069558199190354
1.0060835521252636
1.0030670742722863
1.0042995631258385
1.0006667605558401
1.0025372255938445
0.9975666711522332
1.0023959752010458
1.0013317882548498
1.0008958941632833
1.0036284470839918
1.0050117594671082
0.9989305012417723
1.0018832435246432
1.003342866649957
1.000700179490765
1.004078714083993
1.0020768498446575
1.0042160168898806
1.0052971009633251
1.0097071918594525
1.001046403933216
1.0042380667360085
1.006007423587386
1.0038616612973705
0.9981282106857445
0.9994132743078779
1.002566203955961
1.0010460984034002
0.9969002367359955
1.0000764648596847
1.000437246498199
1.0026053485368414
1.0017148644150111
1.0038385049186112
0.9999354974397345
1.0040537449152227
0.9994243114523611
1.0039974851371094
1.0128524921881492
1.0044490877440384
1.0035351778404817
0.997207806192335
0.9999521722908005
1.004499715773996
0.9994287271786019
1.0026389778796332
1.0007067273715522
1.0028865005329861
1.0026664918668045
1.0050141976162243
1.0025774182550031
0.9964811530678255
1.0076190463285886
0.9985935249469314
1.0000414903031356
1.0014596892690415
1.0023088421850785
0.9979440214489427
1.0035839252679686
0.9997231700530332
1.0028584597641008
1.0064379811132504
1.0021163291089714
0.9998278811889
1.004945023124013
1.0062553360976305
1.008535667163391
1.0059863255110757
1.0047630614836827
1.0012639742388996
0.9996778639214763
1.0033842394102175
1.003351684788686
1.005627381090145
1.0039295360542413
1.0029677571467315
1.0016244427148404
1.0043864683174137
1.0047214979065648
1.0037175001927743
1.0036927141939025
1.0003391415313934
0.9991986368121545
1.000779495742148
1.004222595598842
0.9992584659274633
1.0059033073986685
1.001944157523606
1.001380774389133
1.0032010355142553
1.0016534276327527
1.0026994867354846
1.0003731742781354
1.0039028914486052
1.0080390703469873
1.00377134914681
0.9974655721327091
1.0002526050547975
1.0062615831794475
1.0007759373923109
1.0003610702205967
1.0020116963398078
1.0073768624501322
1.0031756170348294
1.0019200119840277
1.0010091954281557
1.0042017259596248
1.0027921601910716
1.0033094295378067
1.0021986179089608
1.0009502699582253
1.0006947485970241
1.0053745782960426
1.0045079267937025
1.0079056050990531
0.9977584774662198
0.9988223168200763
1.002037498449314
1.0015407612780314
1.00595145486981
0.9980033147043067
1.0057294935030696
1.0045270214241893
1.0023656667539798
0.998358815938685
1.0026580566914733
1.0014036653994605
1.0016099429621779
1.004965379515119
1.0013426646452521
1.0018327616164615
1.0040215655672045
1.0055292162942315
0.9980894864899704
1.0014142393642196
1.0011175504753966
1.0014767037982029
1.0025079966180377
1.0011293227451112
1.0009081049565907
1.0020924451780024
1.001484896623181
1.0016709688375802
1.0003264164903043
1.0011481037358045
1.0037882022803517
1.0032960866584266
0.9988424471809071
0.9984053549160541
0.9981926426166238
1.0002144440756442
1.005480973243186
1.0023072882441728
1.0027989300105369
