sigma=1.0 time=33.389999866485596 mc_step_length=0.5 num_mc_iterations=100000
1.1637488026411165
1.1308239225493593
1.1134827980039352
1.077581457519168
1.0927328441444464
1.0563798622280411
1.0682978305080062
1.0315735336591088
1.0549712956351525
1.0287347256315242
1.0271064909059304
1.0345536561228215
1.0381570280785377
1.0170805776004541
1.0372217374681663
1.0086973139635935
1.0293647658961438
1.00710280716632
1.023018072328052
1.0119129863073453
1.0135857611699237
1.0100481937320103
0.998988045848169
1.0060257488722042
1.01721120552709
1.0096871451371243
1.010332564814138
1.004934287284173
1.0053112902674877
1.0063761320327178
1.0038827971001854
1.006448784923252
1.0025204686661697
1.0059251932115363
1.0011335638618213
1.00292982148308
1.0079448148128614
0.9960555003260387
1.004602426440037
1.0001793934157857
1.003043531224246
0.9996703480260211
1.0000735982499653
1.0038580807215138
1.0027353964383212
1.0066874030624688
0.9985028068105081
1.0036174018740742
1.0004063094678486
0.9997449046851171
1.0006405793598343
1.0033358373932617
1.0000804646214052
0.9980651527936248
1.0006431434255774
1.0020155875487295
1.0007634311872167
1.0050201203905562
0.9983205953650841
1.0034978850147969
0.9999372368062869
0.9991574300447347
1.000126648404647
1.0034264586609913
1.00443004258367
1.00402542229944
0.9999514959217698
1.0015998360639164
1.001438326212662
0.9990029138290168
0.9998325837312575
0.9991576117407622
1.0044096401786857
1.0008122052471848
1.0019140797434942
1.0015636651183493
1.005766388289198
1.0001365298054412
0.9969917896607955
1.00041472568136
1.0002596941520583
1.0003162955011273
1.0019104795518587
0.9990145420592922
0.9998670670067967
1.0018080077138567
1.002494191005941
1.0010208242400949
0.9990060181504479
1.0010699659152555
0.9997024663518631
1.0030828168116102
1.000828806996125
1.001786064030647
1.0006689103293858
0.9986889936587034
1.0014681381008812
1.0007269430108237
1.0053438351255621
1.0019643146606592
0.9966321775931473
0.9975936652887443
1.0040236708030121
1.0003698380493062
0.9993216120274772
1.0035944619567114
1.000007626155837
1.001369293791126
1.0024107068978139
0.9986875114702913
1.0006782440611355
1.0011595485812261
1.00223497641606
1.0014268406202478
0.9993005818660873
1.0024367010614723
1.0014738377173467
1.001199936749231
0.9975411588757437
1.0033165212629989
1.0022150287251854
1.0008592835768488
1.0013118876232925
1.0027237543118495
0.9996563760388363
1.0013942202027146
1.0001551463246867
1.000318570406625
1.0019034968899074
1.000676199479323
1.0023514110890408
1.0003666425932984
1.0001167453800908
1.0031499375432866
1.0048030936035108
1.0027446308768044
1.002316052378408
1.0023088602386663
0.9986210205578196
1.0027670630660868
1.0003593738040384
1.0030707004838642
0.9998508583978839
0.9998162818125811
1.0020147483379727
0.9994568036216539
0.9993667695072581
0.9967318159996476
1.002021707489743
1.000885480740717
1.0024008508555466
1.0016376752249943
1.0019398129204546
1.002651955279783
0.9973151986131975
1.0013820671109621
1.0059174332137237
1.0007746759416687
1.0009436675823926
0.9991029990404177
1.0000541475053106
1.0006210274291911
1.002315034533548
0.9998438847844531
1.0051900791902704
1.0027136920547646
1.0010001757388436
1.0033800327328504
0.9992096543889994
1.0007508963397127
1.0002890211601843
1.0026695683822566
1.0001354131568596
1.003278612455028
1.0039827164740134
1.0030815691152295
0.999633414496606
1.0014943422145433
0.9998285296861791
0.9997220821695464
1.0031929941480895
1.0027089356957664
1.0036517669318343
1.0014038141180972
1.0009238341994717
1.0021708128288744
1.006189961355281
0.9998192111354829
1.0023797227615732
1.0018523510461899
0.9996986122588291
1.0014906013378468
1.0026430026450641
0.9985749373833614
0.9999318419345176
1.002623388675201
1.0004782429040922
1.003810112559495
1.0042851147021374
0.9994534019618472
