sigma=1.0 time=58.29299998283386 mc_step_length=0.5 num_mc_iterations=100000
3.6233456078690134
3.864065071004899
10.257981027511654
147.36126284834214
-1454.4733670318074
-1454.4733607627638
-1454.4733594357854
-1454.4733549953066
-1454.4733551324637
-1454.4733562618978
-1454.47335546095
-1454.4733631012577
-1454.4733593343572
-1454.4733580052966
-1454.4733548909987
-1454.4733516573428
-1454.473348182507
-1454.4733389021767
-1454.4733411965508
-1454.4733392009634
-1454.4733427019755
-1454.4733439236888
-1454.4733462602908
-1454.4733427606243
-1454.4733362933862
-1454.473332417126
-1454.4733297406622
-1454.473331760711
-1454.4733223288476
-1454.4733153700163
-1454.473308712438
-1454.4733108429282
-1454.4733081311472
-1454.473311844367
-1454.4733152239926
-1454.4733110219202
-1454.4733106491674
-1454.473306033672
-1454.47331207628
-1454.4733006211038
-1454.4732985645535
-1454.4732980766337
-1454.473304300548
-1454.473292262082
-1454.4732916920593
-1454.4732847996522
-1454.4732878208133
-1454.4732863446573
-1454.4732768648673
-1454.473269011742
-1454.4732541858486
-1454.4732525048728
-1454.4732474237196
-1454.4732429721282
-1454.4732491224443
-1454.4732466200455
-1454.4732509403943
-1454.4732441119495
-1454.473238288628
-1454.4732347250542
-1454.473229114015
-1454.473236475041
-1454.4732444918657
-1454.473250389816
-1454.473249691845
-1454.473252829969
-1454.4732457699301
-1454.4732467419103
-1454.4732538021815
-1454.4732566473483
-1454.473252995907
-1454.4732466938046
-1454.47324253547
-1454.4732368878742
-1454.47322642893
-1454.473227579185
-1454.4732344410402
-1454.4732227802947
-1454.4732234777819
-1454.473223909747
-1454.473221853361
-1454.4732215115582
-1454.4732232569613
-1454.4732239575396
-1454.4732273824793
-1454.4732277506544
-1454.4732240623432
-1454.4732305140421
-1454.473233726501
-1454.473227708591
-1454.4732167392326
-1454.4732114187993
-1454.4732035427614
-1454.473200667024
-1454.4732015693112
-1454.4731938659472
-1454.4731893359385
-1454.4731791771667
-1454.4731795943985
-1454.4731810837975
-1454.4731795818257
-1454.4731798583214
-1454.4731762565862
-1454.4731822162876
-1454.4731808305237
-1454.4731791755396
-1454.4731748392717
-1454.473164630004
-1454.473155275226
-1454.473158790942
-1454.473157361206
-1454.4731596261404
-1454.473154756491
-1454.4731572577855
-1454.4731646321545
-1454.473155081093
-1454.4731493257975
-1454.4731462739128
-1454.4731427392946
-1454.4731326848307
-1454.4731308959117
-1454.4731245376965
-1454.4731325386801
-1454.4731334626108
-1454.4731373049178
-1454.4731420574187
-1454.4731320618996
-1454.473134096666
-1454.4731242361038
-1454.4731295891602
-1454.4731326995377
-1454.4731309741144
-1454.4731315703314
-1454.473138615488
-1454.4731367968302
-1454.4731282322446
-1454.4731265313749
-1454.473129569574
-1454.4731217063088
-1454.4731295267318
-1454.4731356210752
-1454.4731375991628
-1454.4731323450126
-1454.4731319395441
-1454.4731286355159
-1454.4731335228737
-1454.4731387505512
-1454.4731438724982
-1454.473135054063
-1454.4731335779563
-1454.4731274665555
-1454.4731244110455
-1454.473112332751
-1454.4731114768367
-1454.473104861301
-1454.4730995774942
-1454.4731049826723
-1454.4730982362216
-1454.473097146467
-1454.4730990827652
-1454.4730962067993
-1454.4730917542468
-1454.4730947880819
-1454.4730868793856
-1454.4730852255796
-1454.4730939269634
-1454.4730977385116
-1454.4730857043862
-1454.4730879953352
-1454.4730787397139
-1454.473073024394
-1454.4730818158553
-1454.4730822436231
-1454.4730741672051
-1454.4730661475464
-1454.4730534964751
-1454.473044051777
-1454.4730341851068
-1454.4730276612042
-1454.473022877976
-1454.4730193056546
-1454.4730212695756
-1454.4730244316993
-1454.4730304003879
-1454.4730268418646
-1454.4730198345173
-1454.4730041632215
-1454.4730119071405
-1454.4730026156467
-1454.4730092741709
-1454.4730123697955
-1454.47300931834
-1454.4730115683708
-1454.473007959198
-1454.4730027645119
-1454.4730023891218
-1454.4729981980422
-1454.4729887961698
-1454.4729802608974
-1454.472983152629
