sigma=1.0 time=3.052999973297119 mc_step_length=0.5 num_mc_iterations=20000
1.256957614839566
1.2828330180966818
1.187062255887288
1.1165432972644043
1.0260755617040516
1.044271595537726
1.131290733325834
1.0424000191940048
1.0744289113109986
1.0309890686173508
1.0044437588570863
1.0472992351842099
1.036780411980244
1.0212513925538205
1.0033865387418475
1.0099892129164338
1.0309392792100707
0.9983165740203684
1.013872174080994
1.0017250260050208
1.014668743627864
1.0128793401573097
0.9984475479091973
1.0094902666439771
1.0051692666617342
1.011878055235375
1.0090713168728143
1.0034720108882238
1.0069849218360376
0.9950362981731375
0.998322329439282
0.991051107720264
1.0136255569124049
1.0065165092113721
1.0011274233292418
1.005662679320134
0.9983366719492593
0.9989092478060356
0.999967358019899
1.0076339912329628
1.004028898178692
0.9964490938480819
1.0035127163756676
1.0062112853179623
1.0025081029474836
1.0027278581780852
1.0031228471982614
1.000199239074441
0.9988730512564137
1.0008193434303956
1.004338906383652
1.0042587860483183
1.0101261497480718
1.0062678034031816
0.9985914079488849
1.0044578907501167
0.9961384483699391
1.0006481363220632
0.9953179313333544
0.9982339929858386
1.0140008297946388
0.9923291609426624
1.0006704951321554
0.9960770418369609
1.0036866855214006
0.9988113359349906
1.0063206440558787
0.9994037724267103
1.0042742938483158
0.9946678539108796
1.0127982055552789
1.007439537519167
0.999821399743046
1.0016107460991501
1.0033392321184393
0.9946551042927247
1.001632504235176
1.001504031517981
0.9999839933138763
1.0020195464178692
1.0090418331504585
0.9963513665964748
1.009122956501904
0.9996006122961931
0.9977755712885564
0.9977376192634114
1.0013640212521633
0.9984800909583876
0.9921802839208128
0.9983577366824814
1.0018804482545896
1.0008751833826044
0.9934792759071631
0.999063556629516
1.0043783542667415
1.0068316989816664
1.0016130195201436
1.0042148738278227
0.9991637790809391
0.9905070144870597
