sigma=1.0 time=39.467000007629395 mc_step_length=0.5 num_mc_iterations=100000
1.0940577382249606
1.0685895814178197
1.0913217141345612
1.0905887400524523
1.0757553139666671
1.0715383356019847
1.062316545132723
1.0594171233005842
1.0858301702239552
1.0670704588951827
1.0697258517581576
1.0467052533599583
1.04374214465463
1.0688725695350807
1.058036203635088
1.0664877050159265
1.0506722336582233
1.044447715558557
1.0691396156460362
1.0276793767335226
1.0446337491812119
1.046427971254385
1.04808838910456
1.0417202840880666
1.0343245934738172
1.0325002782893389
1.0242213299932381
1.0403731786016204
1.0364115418245157
1.0290043078189395
1.0366875463048695
1.0334601597164745
1.0339306984144105
1.0259538012222444
1.0500646758986834
1.0157501835816285
1.0231832681022364
1.0180842584074723
1.0251064503682568
1.0313812345168323
1.0352612600912667
1.023338435130163
1.0203822837951848
1.030302287916909
1.010494043314857
1.026469579824202
1.0272168236256811
1.02419253304734
1.0196361510322196
1.0342539562335706
1.0222329069336318
1.0131887150796508
1.0223628557244142
1.0140863930325992
1.0217297062104693
1.027857408075937
1.0231382296360545
1.0186131628251704
1.0211478499522109
1.0157059282587528
1.0157902987553342
1.0272915249430519
1.0107204082466852
1.014960000408175
1.0203953904551342
1.0066153167294074
1.016432863628413
1.0067618599086656
1.0103555151238959
1.0088637450739333
1.018940949532516
1.0152873063660843
1.0112254063586323
1.008829260498392
1.0171015228243772
1.0159151805365358
1.0240761820752982
1.0055757048042737
1.0050538722130145
1.011005205526413
1.0198596471261012
1.0221626675674325
1.010483705610644
1.0127176461559568
1.0110290855335193
1.0152217719690675
1.023463095598835
1.0068846789306185
1.0106942293596404
1.0122069430780443
1.0096847610808666
1.0108579132228999
1.007660608647858
1.013609735074031
1.009618190026218
1.0057351461382882
1.0045740504847709
1.0104996302834464
1.0092198664006322
1.011003699024848
1.0048485776219036
1.0059893307314773
1.0008564247300835
0.9977281668750897
1.0099189160650253
0.999877622719873
1.0094762660844407
1.0058251489695245
1.0106531901155327
1.0067698350723717
1.0000125977753596
1.0077384294246425
1.0060781348289574
1.008583124421745
1.0085057362198504
1.0064760569961249
1.0054264284362027
1.0111503720948656
1.0115173533374624
1.0007327185670416
1.000063351091863
1.009334339175892
1.0050063327976375
1.0110171876995877
1.0067559412992404
1.0101914318206535
1.0093093934042976
0.9997879254180133
1.0073411686360954
1.0050845537298376
1.0057932431390655
1.00437241377444
1.0045029256138265
1.005069536804179
1.003278596171594
1.0053883935607366
1.0039874049808162
1.0043204001532593
0.997684959505385
1.0007813718234682
1.0027475444182945
0.9995204321740565
1.01157748118419
0.998535014152933
1.001391684722664
1.0027344954504167
1.0032796566028994
1.002441383937836
1.0061058878708629
1.0125199541669252
1.0011667219026301
1.003424920760787
1.00739964396523
1.001724948754983
1.0119288196149345
1.0015157585943097
0.9999540549215181
1.0048376648120079
1.0057574246940655
1.0057429308859125
1.0039218468824633
1.0029549688639463
1.0049762779064568
1.0094170555930977
1.0032510782725637
1.0061812951209173
0.99714763350901
1.007370058988141
1.0058357101903808
1.006419625841941
1.0064561708154
1.0092600906090519
1.0010404942506015
0.9980688762488015
1.0039308379751481
1.0009011077458807
1.0042661070155043
0.9997665812200626
1.001408320542878
1.0077963943497092
1.0034122200777362
1.0057960958158594
1.0086784026610833
1.0078129378031733
0.9976088346464838
1.0015299318470094
1.0071479001389267
0.9995769450269502
1.0026300757643092
1.0017405313735743
1.0065093061591261
1.0031091198631938
1.0028641400933331
1.0046595513444967
1.0076813973559775
0.9992152549148421
1.0021060619485982
1.001949808154337
1.0061705988545941
1.009249059676844
