sigma=1.0 time=2.7880001068115234 mc_step_length=0.5 num_mc_iterations=20000
1.0733160383682334
1.1155656787283499
1.066943645079835
1.052177894568806
1.0711053993612103
1.1419750419790027
1.0693146232377497
1.0792565557532983
1.1055642113782076
1.0614976145785457
1.0625506679068812
1.0686375469900125
1.0456541705847484
1.0102393248464505
1.0330703107150843
1.0339560510917847
1.037734461149929
1.0461703270632348
1.045038933453935
1.0675890449146757
1.0139170001168774
1.0515046505348875
1.1178622717309878
1.0248064849983878
1.0846835174773288
1.028198740405085
1.1523666210537902
1.058564239159303
1.0842917636020377
0.9853388303590389
1.0579145037483422
1.0574821436989579
1.0769597257020276
1.0752238571975603
1.0331884439896355
1.0633395458216595
1.0106767935616328
1.0454157655389706
1.0784816974499527
1.0531958229345324
1.0066391713101903
1.0325086099211407
1.0775456805127104
1.0654801563036564
1.0890614202932554
1.0590112524294193
1.0823755836680227
1.0416312909162166
1.0612968217487364
1.050776699441119
0.9952885992674853
1.0555922407020937
1.0362904573622531
1.0186386728821755
1.0790660605319655
1.0372676054981136
1.055445492678599
1.025078679488121
1.0336971559276862
1.041721580166411
1.0232107367766747
1.0153945741718662
1.0369616468274598
1.0206638709483884
1.0261687164562079
1.0036407534049232
0.9997945274149723
1.0114064739305018
0.9961282176871862
1.0005324045246717
1.0501986599671556
1.0086135004656407
1.0111124373725866
1.0708885521025342
1.010215074406288
1.0405341940808523
1.023365988414226
1.0754187710364718
1.0612385929957648
1.0323659871055484
1.020029780935331
1.0356781366023102
1.0077421882690079
1.0349226550148631
1.0424158613077326
1.0380185257153896
1.0276436122842014
1.029246670369304
1.0317673066515773
1.005583621678992
1.0273000066589695
1.003919509287072
1.0398664579194097
0.9915602413197626
1.0071774443765966
1.013950997776593
1.0194321948004181
1.0188409761101342
1.0072752371007092
1.0250281469886091
