sigma=1.0 time=41.68499994277954 mc_step_length=0.5 num_mc_iterations=100000
3.68255194077801
3.5510680015204725
3.4949409874527917
3.4666488005453844
3.521262479767352
3.54633833965746
3.3271088001439626
3.474812060890731
3.495975092449277
3.3721514312289114
3.343774556335279
3.5244892912352856
3.4881957462340236
3.4110767579883285
3.383648658116548
3.4154369834560847
3.409217039834732
3.437791660507333
3.366438950416437
3.489746663079591
3.2662272394136798
3.273246722999964
3.3441650399919585
3.3378718023363723
3.373275111360184
3.2824684395235852
3.3011573531903777
3.3260740821287578
3.354858364918702
3.334191283753304
3.3597474321431124
3.3074186706386293
3.24373483538078
3.3636960781117367
3.2683579820254947
3.2651483124203637
3.1780439973376975
3.310302877304956
3.187961647679308
3.273109978265669
3.3040334816720187
3.2935507754112496
3.260723739121349
3.2345060564646917
3.168950203638597
3.211757735646549
3.1724460654428386
3.251561116612121
3.2030963714128315
3.2427765962208426
3.2219212099366783
3.2458612108344043
3.2024049064800892
3.183534824692731
3.2778857863538735
3.19063195281423
3.1796911052014907
3.2018883003723873
3.238279707801148
3.229233587844282
3.1984462079721876
3.1809025852697106
3.1578263658490706
3.2469088709506955
3.155433923946081
3.194939624330074
3.0954968630066237
3.201213895146103
3.1817851924790825
3.1298874296085804
3.154428417224203
3.1746302360260192
3.153695830383867
3.1963194485964905
3.1461692005775714
3.1390638622319282
3.1431472743267834
3.114110164144414
3.163167220871186
3.1703924736345983
3.127285708822831
3.1212510477166275
3.148553906838483
3.110913004475383
3.1721453155463557
3.144034335469457
3.1578285178412857
3.1786110187171817
3.131338529435118
3.104818798599709
3.125728458287667
3.129236736305018
3.1572190371315485
3.0780110022794793
3.1294943046433588
3.110373322771298
3.1188386637723604
3.0622366488273443
3.1105144036950305
3.1448769395023706
3.104868994061789
3.0667120136035857
3.124570609895347
3.090856621856232
3.1021803302972963
3.1443009108776834
3.0971287887185412
3.047119191343389
3.1053509671103967
3.08756354689106
3.0903445083740664
3.131364532233279
3.0973708263822877
3.1018453441220206
3.0844202604272444
3.0869657590361217
3.0775289395120957
3.070738382935071
3.117839284227301
3.0340967677096455
3.107691540517593
3.0886532502580795
3.083302571716677
3.0918133918714936
3.059911900100412
3.090374720688183
3.055261600879948
3.086893143051432
3.0480167316811575
3.0664151679818143
3.0585817396870123
3.0243949756624597
3.0733293529095955
3.058323104935822
3.0460537660485256
3.0621066731904594
3.0369379788101516
3.0588519790106026
3.0777893307902224
3.056755693682369
3.0800375504317246
3.0346521637886865
3.0757165197844527
3.0605974785782606
3.0599937544735334
3.0660664412571634
3.0600446543273585
3.0600586628302358
3.033882344788121
3.056028478166429
3.065891851758856
3.0662944570531856
3.0489892686800784
3.054040993860388
3.08210714619788
3.0899986747248622
3.0689953384363644
3.0404711476369233
3.0366673210752215
3.039852663396682
3.0304823222434147
3.076772424848619
3.0210168428273385
3.0346600024940273
3.048186679699807
3.082043263609597
3.044495658449084
3.041604321910907
3.0496463303292867
3.054413070259275
3.0718512388119597
3.025596517710482
3.037045365477275
3.0434071070348843
3.0095580981171173
3.0409078613776734
3.063790901287316
3.0565525446687953
3.0443238048412256
3.0520404341330636
3.0269344558364746
3.0359849999406907
3.0389285958281187
3.0617339989669645
2.9931085194276994
3.0528049484409205
3.0511499800587973
3.00995296581776
3.043971603425015
3.028649850805903
3.05712959377224
3.028146125268257
3.0379599627477956
3.0170001676612435
3.031149416352057
3.034656233912115
3.0176278643191248
3.0415709585968345
3.0520675099843917
2.99799085332574
