sigma=1.0 time=41.604000091552734 mc_step_length=0.5 num_mc_iterations=100000
3.68255194077801
3.4076611070943432
3.282086289244932
3.217713324237547
3.212326199517443
3.2110596223775802
3.0679781765615464
3.1362729168755634
3.1323938472418456
3.068360211880638
3.0516706446283424
3.115344339094662
3.092378374706617
3.05615348547337
3.0512373944531848
3.0585718198683076
3.048657070536609
3.0508943493972707
3.0333005659047436
3.0685931392588173
3.0084253009382635
3.0082642040507306
3.0260553265207646
3.0192107647961683
3.022733659039904
3.0045396864531315
3.005061174060783
3.0193025321763836
3.017181185374788
3.0148322007001567
3.0162585531011126
3.020901351090346
2.9983124945492032
3.025075894287596
3.013956217529651
3.004211492345232
2.9883148120350196
3.0141281452376765
3.0032794333588435
3.005633317840372
3.003865835195964
3.009790896982796
3.003637514698766
3.0014354918247586
3.005411432534095
2.9965788548135683
2.9980677992691818
3.011163938831421
2.9945538517936243
3.002376910466275
3.0066762041677046
3.0158892014152934
2.995030545032829
2.995923777742986
3.0051363526464105
3.004239518756252
3.006945741740912
3.001384337945606
3.00713510888727
3.0075384858908927
3.004568018220224
3.0068773556267474
3.0005926014636697
3.005069390417305
2.9981395265197555
3.004235436619136
2.9914240969357215
3.0035066363186047
2.9975198764646467
2.997543107052862
3.0098424641308315
2.9965259729803075
3.0033925605487855
3.00266208365026
2.9972777268495823
3.006996149256467
2.9923591307465167
3.0012119708255858
3.0030496680527126
3.0022257899413556
2.9957892055455058
2.999854884092497
3.0069745907860526
3.0036494306663117
3.0041459817749945
3.002834621235999
2.9999238460766415
3.007245450907647
3.00258385353541
2.998255162062051
3.0029002990226727
3.0084494680533647
3.002509794992137
3.0010701743332664
3.001323482701263
3.000637676976488
3.0047658254442737
3.0065068944317406
3.0061519169525934
3.011827611011512
2.9929810282033817
3.0078513108279394
3.012746569796341
3.0009903037155152
2.9993605260076945
3.0060962967595533
3.0022464627974856
3.0006476052118813
3.0110656943781056
3.0042936550678765
3.0059848372012143
3.0026581473340204
3.020837943687922
3.006071926408793
2.99998482185943
3.0019989356792576
3.0012713981502817
3.0019667903681957
3.016974118927167
3.009002305177835
3.0058435141177138
3.000507837106818
2.999466142045017
3.007754719354795
2.9991406459110084
3.00810282218513
3.002231106052013
3.006642914789028
3.006753761416701
3.0020784969012757
3.002730906276203
3.002190227153754
2.9985050470743912
2.999914358001772
3.003393865246837
3.0044178082317865
3.0000618505918943
2.9983709850088784
2.999717558844795
2.9974544551050726
2.9959470734097757
3.0028407476235057
3.003148841913116
2.9972834122931804
3.0033510158914574
2.999124273729882
3.009553717093581
3.0025661469163905
3.0030298702443767
3.0004333874039073
2.999943985279676
3.0025538755623855
3.0039532013275996
3.002482271580486
3.0107475757706785
3.0092817294310463
3.003501921933191
2.9959117570999187
3.0018392981933095
3.0000454209091147
3.0013998981358485
3.010494996882158
3.0007544603424026
3.0031169419225945
3.0046133536466804
3.003644657691611
2.999421039050148
3.010105589547329
3.006863944862745
3.0006658043786625
3.0061828130182766
2.999811576560972
2.9985676885695844
3.0063800442727464
2.9976861311934333
3.002689465464872
3.0106262258456367
3.0011641669926425
3.01002275373424
3.004451622739128
3.0043501705341997
3.0001417987133623
3.0156603227331686
3.004861878654849
2.9972968578110444
3.0032157153632797
3.004841660466895
2.9999156270673866
3.0054538955557897
3.0046839756627866
3.0070568117590684
3.009128433620009
3.0002232425298287
2.999735013895774
3.0039466886349833
3.002668583591921
3.003746860385278
3.0124648344477
3.0172456045902414
3.00752825846022
