sigma=1.0 time=41.95700001716614 mc_step_length=0.5 num_mc_iterations=100000
3.68255194077801
3.0801522138036477
3.0100270037444257
3.0074920058321077
2.998550774493158
3.008432443915332
3.003080656812014
3.006169533503256
3.0106184140368066
3.0026967894887893
3.0083365301144886
3.002103938089973
3.0127727913474747
2.992107238744209
3.0024947212738935
2.998757978095183
2.9985673460994775
2.996648896864397
3.011088891576184
3.0112003996876133
3.0037164133451983
3.007799524970766
3.012218860681081
3.0060864935655087
3.0028527026443763
2.999109121375175
2.991863392254369
3.009838364937876
3.0052440711221062
3.0003759722487517
3.0003217261087776
3.015965769035166
2.9995980140095795
3.011804603362927
3.013079910290946
2.998498946114026
2.9920613319526943
3.0127415098793047
3.006401020682145
3.0013895439633083
2.996308450074843
3.0047160429789344
3.0016578423452924
3.0015805194313834
3.007468668245396
2.994559700823271
3.0009790816745916
3.010562747855776
2.996417096012532
2.9998458993831023
3.0074961063894743
3.014499384305944
2.9933911522562777
2.9933600414443853
3.006334730241476
3.0065335259497146
3.0062056983339085
3.0003732883181993
3.0060070235306435
3.0037563978254918
3.003251143250731
3.005196527468794
2.9997867695850924
3.00727000414174
2.998255898434784
3.002255315402319
2.992478199275258
3.002560984430975
2.9962598759780366
2.9981708794521
3.0089522933177495
2.996819541129782
3.00386097293754
3.0018147502628
2.998555343872905
3.005978244163064
2.9931939649550507
3.0012821783758183
3.000848916470583
3.0024047849915183
2.9950489839242493
2.998764817642507
3.0058839559273127
3.003743831182706
3.001979655256862
3.0011509668013163
2.9992575045291257
3.0034605504800176
2.9990008876383873
2.998448488417954
3.00237134254263
3.007384145419799
3.0036542899228427
3.001685596363726
3.000340197751805
3.000618706059813
3.002658113539797
3.0046628544811766
3.004422896548944
3.0094934678168355
2.9942681794134307
3.00559602266255
3.0092863977415143
2.998313486374802
2.999394302105286
3.006270848495421
3.0043008869022754
3.0014012882528234
3.0083755790970406
3.0045038959603265
3.003025330922226
3.001431376624516
3.018177806756435
3.0082617013560173
2.999292724574876
3.002134622375792
3.001972989024747
3.000822212354595
3.012953838505577
3.008054976492655
3.0078742610783498
2.9988828192499946
2.998438229355795
3.0060826381246617
2.999730056303789
3.005965660172437
3.002825030923666
3.004381427871687
3.0063421660583227
2.999291228585121
3.0023260204531645
3.0005542831385354
2.9989420345052884
3.001366475384725
2.999597456816399
3.002106463363116
2.998341398888414
2.9982603710695592
2.996857983555051
2.997870006615044
2.997220817888993
3.003139134975272
3.00370347893251
2.997633927406079
3.00493046857124
2.9996093183843264
3.0066217656699448
3.0022025288668117
3.0043306999222894
3.0017962941131864
3.000381898934127
3.0000489965012602
3.003146183737707
3.0006942798385903
3.007429371658338
3.00602760572794
3.002834815559328
2.9948389552159416
3.0020857755247374
2.9986794279435656
3.0008751985698345
3.0063061712796904
3.0010820245367307
3.00261328146665
3.0031086418229997
3.0023822971348144
3.000694359749989
3.005695147291817
3.0045993654727976
3.00080186613868
3.004193602752414
2.9998293045849715
2.9987914633384976
3.003144015398793
2.997530073665384
3.0021410034836684
3.0076697350703916
3.001158728023232
3.00787856427018
3.005624250231416
3.002389330859873
2.9987409338867397
3.0123105818409885
3.0030726324106114
2.9971265143615056
3.003566452335684
3.001874089135905
3.000038383496207
3.0043332228497435
3.00335489844826
3.0055180542504876
3.0083815344352542
2.9995880208907915
2.9989951194150897
3.0039891319856293
3.0049181922766572
3.000699985198511
3.007982208251293
3.0117638765530126
3.005811055020575
