sigma=1.0 time=3.5379998683929443 mc_step_length=0.5 num_mc_iterations=20000
1.48647258432443
1.2955931732413732
1.4703164037966283
1.3112477612066162
1.364339667809587
1.28824286217046
1.2919699580759518
1.4614909239854765
1.3590732829642234
1.3425695419566401
1.2392076849901321
1.2985830242952114
1.344252266797274
1.2448489109849583
1.1453516114729207
1.2858075088313994
1.3176189073318474
1.291220580284603
1.2470550492495078
1.3286249248724828
1.2652519325048277
1.357416807519811
1.3041437657017347
1.1557393796379791
1.0936077177040482
1.1103793784275398
1.2078180296368246
1.299701958024373
1.2571176987035844
1.150381018561054
1.1613188708015296
1.228930445834632
1.222920037676039
1.080952787406744
1.1126841637959561
1.288470999204746
1.1602700049035948
1.1962574693397643
1.2091965077126579
1.1510719784196815
1.2030537008478852
1.2189811597688973
1.2881235200196626
1.1035449614263861
1.118325930504199
1.2884396638512214
1.2533647697676638
1.0814337112342933
1.1688492481332324
1.1152565698412493
1.119703442970704
1.1193101102466734
1.1571329782562387
1.0700207780605118
1.1560831091305261
1.1975217298319425
1.1511830861802856
1.146652165901217
1.1281008461898447
1.1320069762994474
1.1320593926954825
1.040684312428059
1.1836942689210905
1.0418559164667245
1.150226777544256
1.0839425674909327
1.1193277389097653
1.0476964424053403
1.1389471237834072
1.1734501113138458
1.0685883863327112
1.0542534243447972
1.0591135747816847
1.057194664038562
1.142476843283322
1.0730296499016132
1.1079162055734715
1.0940968465635266
1.0899028020488213
1.1001234419342878
1.1189814528071633
1.119952574020278
1.0695702986162134
1.1410897158453366
1.1456849960134068
1.073504581444013
1.1192181336447704
1.143798856847999
1.1135006664581777
1.0829663353497965
1.1208321539094617
1.0547831686171423
1.0625041027600024
1.0730476608964958
1.0507841518520364
1.170930121721866
1.0532874691831755
1.0633123080848832
1.0173036316137272
1.0854304047410643
