sigma=1.0 time=3.1710000038146973 mc_step_length=0.5 num_mc_iterations=10000
0.6693424628119844
1.2951533818650067
1.2479253861793307
1.314817281019266
1.1408785067187104
1.3869614833444994
1.29800553637773
1.2572193683060156
1.2207712640904582
1.258020952929345
1.2364605032915033
1.351566372417049
1.2890979085665941
1.2154531545241023
1.246754080775256
1.1002441096772655
1.2419986361009991
1.1068229507419618
1.3259238312145682
1.1634743309719833
1.2153308239490168
1.196425328504461
1.1081376633951379
1.1622457134210515
1.1583903360249712
1.3546760995298963
1.181556395717015
1.0922738742109366
1.1181948011107141
1.0894784812985987
1.1819870837268567
1.1298658434648154
1.2616384072952507
1.1364054144124853
1.317446019852862
1.0970980433559323
1.039734933304228
1.063212271154447
1.197868596491948
1.1279622131380993
1.0931268037741566
1.1794406150233687
1.1555234890923474
1.2017963406956484
1.2499469652730186
1.2207405574557308
1.176494275466727
1.1173803780723957
1.028335414688226
1.28969711723321
1.1599639394958878
1.2165034562435113
0.999803993665361
1.1283550163421416
1.1836779166340647
1.176271850750596
1.0892096218640754
1.1750678632579064
1.2576115554532963
1.1831699303219592
1.1210111840912613
1.0802649104670177
1.193736384670889
1.1598351173891046
1.1638427264747064
1.1230954691573078
1.2642404047421754
1.0771052699713828
1.168560749810182
1.1740604601602427
1.0964375546840774
1.1317613359234115
1.1432747875842548
1.1346108892505569
1.1628851048048456
1.0779994312540384
1.1131898394297879
1.1875575687858018
1.1081743016392556
1.0220201534659246
1.2314960247008078
1.1603265460106835
1.1386376215274436
1.179957312184162
1.1446376679902819
1.1006439449243313
1.19050619772351
1.1161232870149684
1.0704066083297272
1.0433683970235816
1.1418699179236513
1.0867884833849997
1.1382786651216934
1.1790939538986753
1.1131744275868396
1.0413009809742568
1.0528390761252502
1.092726791925062
1.0770057367817398
1.1501960656880528
1.05724616895178
1.1425766779387525
1.0199683065669976
1.0916543255520303
1.0644245283290028
1.1383817720875775
1.1210093865289192
1.0491906620429776
0.9283992606617616
1.0711269311393563
1.1930138281629805
1.0816904054394028
1.1018861302731953
1.1390429542274771
1.0849868544832983
1.0390185753969523
1.1787511168854539
1.0226510050964923
1.0843716714458054
1.1149007423597612
1.1497121595945936
1.130756816629259
1.0898841348472867
1.0794496230492658
1.173624890917533
1.0301780794894344
1.0449539262472338
1.1638613705062915
1.1049948652424444
1.0560638744917015
1.1212542524151565
1.008317546123151
1.0161555928098802
1.064028738710429
1.0750648507841525
1.1425039365904701
1.0078578153748117
1.0379924569747352
0.983067426079272
1.1092902341454063
1.0828920529521815
1.1411256672519128
1.0629390829598908
1.0656359717473143
1.063983223682685
1.0821803518265147
1.008590985792957
1.080183218663718
1.1057803681532468
1.074821422118351
1.076748935818051
1.057162788177779
1.0739784015478882
1.1103556090778768
1.1073796905795366
1.0735534557910764
1.0353985570186655
1.038953151381446
1.030321897924592
1.076174050923994
1.0589984232874894
1.1619977265580081
0.9875672998086151
1.0790971863666887
1.0235745487190395
1.0945828821145718
1.0569103007951335
1.0963143590071198
1.0000301964892506
1.0135651524938487
1.0479502222370523
1.0400577731352216
1.093550877710557
1.0344371290657928
1.0864712363245927
0.9843953002309783
1.0133225292657695
1.06743533035753
1.0887842734639936
1.0428211558294695
1.0272835177887292
1.1317374942761849
1.0537381380417388
1.0588490895558456
1.0666949819561347
1.0673446320814535
1.0306284963971264
1.039765765187014
1.0165052845958715
1.067756852337688
1.0836189845602966
1.0823021130100574
1.0320837366045335
1.0502155302564977
1.0499915356407536
1.0232477500801498
1.0420538629782894
1.0285197944873998
1.0794446839914442
1.1099422524676648
1.0348335222187202
