sigma=1.0 time=38.4779999256134 mc_step_length=0.5 num_mc_iterations=100000
1.0940577382249606
1.0495039920687046
1.0588320234307589
1.0485413169593973
1.0296650456847125
1.0190220274706665
1.0119165562756678
1.0090943005889002
1.0171811359079599
1.0090834713246148
1.0092154828811044
1.004653618026106
1.0002112619295505
1.0083289315587136
1.0020509860086928
1.0069053302718638
1.0018452085523188
1.003866356202035
1.00318166681722
1.0005602766498092
0.9989145179389688
1.0021376575047707
1.00701524160619
1.0027275869612362
1.004860232660981
1.0055364378226443
1.0041901798337294
1.0022165486725603
0.9993399437610591
1.0013205586913563
1.0036470996719
1.0043522840521997
1.0069121024198275
1.0055180721410404
1.003657631010783
0.9990467017854522
1.001808576431813
1.0033326458038052
0.9994783736043483
0.9983413880105514
1.0001685150278536
1.0021083054672686
1.0028355145966479
1.0013827042583936
0.9992973777110412
0.9995442428105578
1.006925387179788
1.003137786933026
0.9985141336208423
1.0068851842884794
0.9992314952316015
1.0049037250501693
1.00322335253894
1.0021951175555128
1.0007442049857407
1.0017972169899618
1.0004315261488848
1.0001843820818501
1.0035886065125135
0.9992039074639165
1.0022158278219808
1.003213978340073
1.003831103084102
1.0028358231507608
1.0027349195514352
1.0040188921567952
1.0018873128349517
0.9976874879442547
1.0040686677452928
1.0008062411733007
1.0015812851004855
1.002583747215434
1.0023419376172134
1.0003197417227976
1.0004648885928331
1.0009078233430422
1.0031565775741662
1.0012772268261405
1.0004320243577272
1.0015291985165449
1.0098321209560908
1.0009761032624207
0.999301516232448
1.0008574831918209
1.0028425243777876
1.004840240112168
1.00581312311869
1.000263269720108
1.002525693744699
1.0047402758297939
1.0019531707163432
1.0046554990424785
1.0017597631662816
1.0028806799062104
1.0016356508662725
0.9987960890317995
1.0027349534281556
1.00230704936039
1.003779746026581
1.0011004759401305
0.9995703859068599
1.001505682790946
0.9983226052832794
0.9982230447149691
1.0028873894220907
1.0026700348205198
1.0033375012034083
1.0008495192979618
1.0025824885050565
1.0021264478707221
0.9963944148430169
1.0017687234401262
1.0003957649860524
1.0019808315003524
1.002635376784193
0.9990778126712075
1.0019969724178512
1.0052550791038022
1.0040465979785627
0.9985678464542223
1.0000941940220798
1.0028882266471144
1.0011984414394324
1.0034081592721915
1.001229606367453
1.0017813233412205
1.0024129870876903
1.0006324016229098
1.0022769520321746
0.9997704875665262
1.0017825803154896
1.0010869378904
0.9991881688180407
0.9987008260211775
1.001424168020053
1.0015787508633647
1.002955780526044
1.0000244558936782
0.996842173998792
0.9994815982716051
0.9992684921217182
0.9998088622891228
1.0050064380302208
0.9991640893874604
0.9981299033923945
1.0004078500561862
0.9990894461662112
0.9992713205513247
1.0027104461235352
1.0054607906990716
0.9999895132775843
1.0001623725712705
1.0018378199255402
0.9991162323240922
1.0027520955399671
0.9991328973416189
0.997100154093446
1.0001136189081254
1.002022378470645
1.0020618533913073
1.0032403057323516
0.9997060122546142
1.001117206479397
1.0014972729730267
1.0001367077376806
1.0016327546646149
0.9969761995415096
1.0030099633267473
1.0021267590918255
1.0022812563548855
1.0015751727532782
1.0027663036366317
1.0000589786999072
0.9990398394175016
1.0013596773024032
0.9997548708472587
1.0005439369366167
0.9983969557727973
1.000221292587755
1.001836254966404
1.0001213559450302
1.0015547688088147
1.0038651142003507
1.00349678706812
0.9982819926562916
0.9992840192875683
1.0025464123158754
0.9990479013978502
0.9997147099835617
0.9997744608017421
1.0014990568936533
0.9994243514506321
1.0002498525607764
1.00143833685571
1.0034420379329032
0.9994730511850852
1.0003091548758862
0.9999082948500773
1.002408633738194
1.0031859339871043
