sigma=1.0 time=47.456000089645386 mc_step_length=0.5 num_mc_iterations=100000
3.222530737873686
3.2013946475459925
3.171708692687338
3.1117291378259595
3.080045016008107
3.0496962833228927
3.0852290532720135
3.0511275824134168
3.0159479428858122
3.0399495271840107
3.04382353038023
3.0048343803170545
3.0188153646657976
3.013533980909654
3.029302155475601
2.9957188428790724
3.006113546570832
3.011507664077938
2.9873562486692604
3.016181790905077
3.013977968233253
3.012768521707521
3.00152333639101
3.022228019890814
3.0112776713795
3.004981358563928
2.99518775619508
2.999704996806777
3.0014780174140863
3.0058722037910846
3.005934544364027
3.0102723375188796
3.0011672090236265
3.015026449526172
3.029950843527452
3.0020353752494287
3.0035825220716754
3.0119610659971916
3.017825411231584
3.0152655930638326
3.0023456183689414
3.0189555998330717
3.006057728486752
3.0088502768069527
3.0144381082975356
3.0061122515408374
3.016353818523761
3.007688925259669
3.0111484813274525
3.004190596962186
2.9950300999936634
3.010622535642541
3.003891795549121
3.006636981404721
2.999268109872232
3.0163004108157625
3.0031205031062664
3.0043845679925925
3.0051636738760945
3.0041351064491293
3.0114806721918255
3.008009919285292
3.006428315547539
3.0067781371797433
3.0052138192594997
3.007077938844557
3.009083357626589
2.995013289071884
3.0016751246072864
2.9970893872545736
2.9937119725086903
2.9968979300128087
3.0092585164525993
3.0056816207441144
3.0058361443105643
3.0127899868244783
2.9992121681609163
2.999003149441839
3.002465305929659
3.0114513186220035
2.996051351247773
3.007008313079291
2.9950981212090864
2.995773245615936
3.0165369430894975
2.996678926551811
3.00385874523173
3.000364793816009
2.9996440690724935
3.0082699950803535
3.005958879893688
3.000244367500236
3.00206483212151
3.0107546752700873
2.9998199968211585
2.997653140769436
2.998092661679133
3.0021347809531402
3.009622423640116
3.0038581143120027
2.9966661026841392
3.0037672721964306
3.0106475596154763
3.009087463968096
3.0023667826737186
3.00378565093868
2.9945950996990915
3.01550781671878
3.0106010307697173
2.994785013623209
3.010462887183347
3.0078381933002882
3.0078108261342376
3.0025456941751227
3.005467151350581
3.0087591190120624
3.0001825836770126
2.9968947491450826
3.014952309716398
3.0111524446281357
3.0013885721758706
2.9940154972421245
3.0056654126531503
2.992558939690075
3.0008417587162377
3.0106547149885357
3.003175635300187
3.0054979753996593
2.9960672717177257
3.0006827654501365
2.99480002057492
3.006204728357887
3.005785961690284
3.0016303152432853
2.9955098403861338
3.013138680296496
3.0024629786245822
3.0003467985022776
3.002590379277592
3.0026331852216552
2.997536507698017
3.0004285202156638
3.0064471875359855
3.0096579558878602
3.0066944901922645
3.003837097869843
3.0010870767551534
3.0049893416321356
2.9918222198648916
2.992902049617934
3.001302393444209
3.0045083596359183
2.992602412064745
2.9967654710630254
3.002643129550105
3.008491378684505
2.99649449109751
3.0061339512208307
2.9961864164549303
3.00608354848961
3.009387180519683
3.014274303656312
2.9954049581257887
3.0028852110270443
3.0032394161498446
2.995757753881368
3.002164454341076
3.0109513046633185
3.000502206322478
2.998340545003792
3.006928625803815
3.0010600544724615
3.0049715680425293
3.0037086085122255
2.9999128917435494
3.0002957087399533
3.0070180125711854
3.003673002056773
3.004333637564118
2.9981979157755525
3.0075318354365046
3.003161576902468
3.004390069961116
2.998184726793033
3.0001358193612413
2.9994815328353472
3.0024220416881913
3.0002950724046866
3.0085735268581755
3.002673172521121
3.0000084799213282
3.005635183934583
3.0157457905129363
3.0044027248521075
3.0043086543846726
2.9967350738682423
3.008545666305206
3.0056693106749863
3.0052969425549425
3.0061268631311604
