sigma=1.0 time=3.1740000247955322 mc_step_length=0.5 num_mc_iterations=20000
1.0147500693327247
1.0309248431660378
1.037602755697634
1.036875932555918
1.0262098426298072
1.0073427777514543
1.017961202561082
0.9990928210860296
1.0035833970033754
0.9922349180819104
1.02572509394789
1.029016668853344
1.0057081858698407
1.0251840377959476
1.0129543584027443
1.004482747709523
1.0109255322293913
1.0031825620980315
1.0075995978523675
1.0092289988309977
1.0002630080873516
0.9878706893326018
0.9960661315441793
1.0075757094521114
1.0038081613417527
1.0028191576467116
1.0147146797227287
0.9968573451230466
1.0079923398493176
1.0016337630439807
1.0044306193513437
1.0018439282854785
0.9939936982863838
1.017484922511584
0.9976703655332034
0.9986050546067173
1.011435599441856
0.9936260930600642
0.9939237855954551
1.0020104428123868
1.0009767798372793
1.0046704961657895
1.0058155461671592
1.0010535862758467
1.0013540777613696
0.9984295339129594
1.0084296775570933
1.0074194467201767
1.009478946393191
0.9969037927035479
0.9919263223809203
1.0002435187247396
0.9933162210912325
1.0061403523516301
0.9902979607519803
1.000349387634917
0.997345386470552
1.0095749150846653
1.0108657319923793
1.0042514421764845
1.0076288475278272
0.9998769038288623
0.993507216797625
1.005809611407307
1.0094335906654242
0.9952795505052695
1.0006168209397692
0.9999878341022471
0.9986021338972698
0.9984399544909845
0.996573430847306
1.0029322899313464
1.0016162633063583
1.0082681017482118
0.9989792855378276
1.0026941973332066
0.99687441817868
0.9980491591487146
1.0037668737385879
1.0105030689662076
1.0043507537626972
0.9863756275825992
1.0114142414078073
1.003881572369753
1.00119208550692
0.9981080652870886
0.9918042485774673
1.000245376170311
1.0082191701997432
0.9999043483098118
1.001177085296533
1.0116446117414064
0.9994311769375265
1.0023798042909056
0.996961000748377
1.0154056922951193
0.9991229805174444
1.0078818479187601
1.0044304921138003
0.9972918500247101
