sigma=1.0 time=3.0369999408721924 mc_step_length=0.5 num_mc_iterations=20000
1.0352081976414464
1.0058364794673595
1.0006364765833042
1.0002801831037238
0.9996593200119531
1.0008912813467392
1.000189785456194
0.9987088313511369
1.003057721080001
0.999484307718252
1.0012051012482368
1.004642313007989
0.9996631018530745
0.9989431980297006
0.9995125836020603
0.9996378706006392
1.0017318627342253
0.9988096026871236
1.0015588075109123
0.9988627197107004
1.0003157194435897
1.0003298273988481
1.0015469860356128
0.9991774794043031
1.0012673985322695
1.0001065657430608
1.0017538641558454
1.0018324975497486
1.0019105599106606
0.9991972255278165
0.9976640334946059
1.0011675039213546
1.0030135097445092
1.002011298882233
0.9997466667561551
1.003856744043373
1.0009731888053386
1.000498550776985
1.0045959052221158
1.0001493857642565
1.0020031607912903
0.997164839938666
0.9998740644125762
1.002417946523169
0.9969180608314265
1.0000680612331574
0.9973908042637104
1.0009742438018006
0.9995199838947849
1.0027923508512648
0.9998448198067629
1.0009370554450616
1.0004963801621285
1.001424838214474
1.0011494192496049
0.999694669011561
0.9991960835304806
1.0005739422738216
1.0004516297453638
1.0001661102070563
0.9991266624011174
1.0007245401232834
1.002124126919343
0.9971332344415708
0.9985434547173673
0.9976319469955269
0.9990388675284562
0.996801583162011
0.999449444158346
0.9993153405907657
0.9985071667490466
1.0018081444060818
0.9989450473454992
1.0072190061461788
0.9996472114409912
0.9996770845767002
1.0003246542427278
1.0009142849976784
1.0005902032847196
1.001932328361113
1.0009684453025298
1.0004895903937912
0.9991257619463705
1.0016584779955222
1.0012533538886759
1.0010315418625442
0.9997986292120088
0.9972819041270269
1.002553138474625
1.0014183297624144
1.0000285796626698
0.9996481883857475
0.9983140908545937
0.997994578320771
1.000403283806582
0.9995177257913327
1.0038281780317988
1.0000551705344796
0.9996074050388496
1.0006276064938602
