sigma=1.0 time=52.99900007247925 mc_step_length=0.5 num_mc_iterations=100000
3.6233456078690134
3.2752331844369125
3.203076377078748
3.1567689042491827
3.1470432932556736
3.0820217164443684
3.0943582174962336
3.0401634682850367
3.0474985181529752
3.060258308308895
3.026566727946343
3.0304326851937398
3.0177733384568417
3.0209892580946596
3.0132207306136958
3.012094278401031
3.011660922081005
3.0202868919256103
3.0101791704704444
3.022924216750682
3.015124334199357
2.9978227229009073
3.0339781401518993
3.00600816768474
3.019311905746248
3.004818180994574
3.005488748406071
3.016434272314302
3.0016681074256426
3.0046180973027727
3.0004984478797634
3.026688010475974
3.0165998393727387
3.0180276210000634
3.0087127972411802
3.0167370967217257
3.0023274668683273
3.0007144887400954
3.029251468378544
3.0055534089750395
3.012553092779061
3.008259966391824
3.011047705335228
3.003045733471716
3.021642904949013
3.020904372628559
3.0168858686338016
3.002434649062579
3.0072479686259643
3.002675228564115
3.0107127021369564
3.0108810925600022
3.0090121113239703
3.00104934706382
3.0113615275786607
3.0046620689404904
3.0256956747165176
3.013786707711654
3.009240483726645
2.9935049955492543
2.9971032119481262
3.0014649883101945
3.0152336189855182
2.9920574308327827
3.0041626965220427
3.002692965746969
3.0197100875337384
3.0144347136284546
3.002575132681644
3.0083386359929047
2.998886980242492
3.0043422390741257
3.0080893844559267
3.007908519322803
3.017795695721658
3.015629397328887
2.9999112413250497
3.009987054390832
3.0148566410765603
3.0063100030691556
3.0025305190802287
3.004481264550832
3.0066769498529604
3.0074762750723676
3.000415973795766
3.006926060980971
2.997817672378736
3.009493938940025
3.00482561095814
2.990359369537895
2.993381358309528
3.0178441702211773
3.010779200440648
3.0145694245526604
3.018659275431363
2.995395450908734
3.003782899658081
3.013164183879614
3.009312504380264
3.017699627527045
2.9987761590165216
3.0093809280122525
3.013230523359903
3.010466295898785
2.9976602288100493
3.0042640575094524
2.995597515204451
2.9954062496590423
3.012651240679166
3.003756555808524
3.023380441533954
3.0032552433159676
3.0153770044008303
3.0181096727689165
2.998542977486214
2.9947294509002753
3.0072133175720106
3.0002188551718674
3.015229303400312
3.0052233746928905
3.0095712068016027
2.9923363721844405
3.011670426448547
2.9975130711035565
2.999061591332782
3.000499509129672
3.003521043216313
2.9985335458919757
3.0034357472291946
3.003927585328488
3.0026276325041055
3.0124547049739365
3.01134100732549
2.9987243540784823
3.008480921396573
3.0007279620191656
3.005404416504334
3.0078538336135123
3.014870698463461
2.9985945085558683
2.9994415734032254
2.999743160768001
3.0047389381146687
3.016196013641217
3.0026366952586234
2.9973676408433922
3.0085921068306165
3.0054817145249535
3.009421556252291
2.995601289394512
2.9980216717234858
3.010617735159558
2.9993668129701456
3.004337313854399
3.019129892259617
3.017130953217659
3.0013134218119624
3.0109623007009874
3.0102270774922153
3.0067963349677993
2.9975529154963545
3.010529738054489
2.9940800740745073
2.9988441070810463
3.002425395176484
3.0158338448071444
3.0025399625659395
3.010977644265498
2.9947030944733206
3.0004389003633003
3.0092144041857196
3.0001027067118695
2.99444732131737
3.002669806700563
3.0097667045111556
2.994557191008219
2.9970508542796157
3.006594463838864
3.0116097146401057
2.990780521510183
3.000966815865405
3.005780959737017
3.0074697632123275
3.0131952258715184
3.0037749465894357
3.0085062774410174
2.9994457042337874
3.005699674181347
3.0088477565617753
3.002724553661849
3.0042785104762446
3.0159203978936655
3.0126737685100653
3.013535664353953
2.9994723423782257
2.994164018575461
3.0085478889004307
2.9943094099918994
3.0073257518863152
3.0042431275022192
