sigma=1.0 time=31.93499994277954 mc_step_length=0.5 num_mc_iterations=100002
1.093920080390077
1.09451752083414
1.0947322091107565
1.081505394416763
1.0780237159657367
1.0518483479295682
1.0451634721726277
1.0454541191006188
1.043533880424119
1.0212019486821018
1.041445944250315
1.028058121712088
1.0315022509741758
1.0435684397731555
1.0445711927613994
1.0378190307955377
1.0300923175977612
1.0273798361137196
1.030909522754721
1.0311848392328753
1.0156718838295358
1.030241079532446
1.056428751778668
1.0115564516841238
1.0270548063635498
1.011168359416477
1.0167399985342027
1.0126963925940127
1.0214198980027185
1.0209694852486513
1.0084107354101775
1.0289431572792607
1.0190698202183435
1.0186152200035765
1.0108387388785756
1.0207096873085324
1.0066566956323495
1.01600504120376
1.0049605591649458
1.016447572543331
1.0137033204641874
1.0155565646116071
1.0132494248064603
1.017799440718049
1.0141416799432
1.0087163707988802
1.0047674686532924
1.0091665393320064
1.013809756990945
1.005591980706513
1.00986346207603
1.0065331333612149
1.0010016761473377
1.0057488777222294
1.008782536865943
1.002179327740365
1.0116336626167246
1.0085699399280006
1.0029484733501435
1.0051425745575417
1.0119154198395734
1.0052568380742517
1.0061048407947883
1.020201392576049
1.0061934390609681
1.018512706197351
1.0087167353554367
1.0117536204683444
1.0120039670182468
1.0143946307305758
1.0034262688075328
1.0094708897331384
1.0097526019677774
1.0041682387413227
1.0114436834494696
1.0094926190334241
1.0065844822144403
1.0105915071746325
1.0143135555952254
1.0125999881125223
1.0019895425114553
1.0066402539606925
1.0109258911188181
1.0115881310685626
1.0104153929313144
1.0081962693831261
1.005889882930741
1.00589683556263
1.0138087839984287
1.0094095735746604
1.0028147705526549
1.0110840069327196
1.0081633313820195
1.0145841203207158
1.015948086092743
1.022895687844897
1.005515200431129
1.0066671221019465
1.0076804820510175
1.0109741195879784
1.0053831441764989
1.0048323818577787
1.0104099550703989
1.0138924527184656
1.0005382021763503
1.0040243775531108
1.0154766010660308
1.0068547455479322
1.0063941604969397
1.008577376797878
1.0005636199086456
1.0076541372676644
1.0091138760115577
1.0093676899318735
1.0065705434130263
1.0070739454854556
1.017642552325939
1.0013693960968166
1.0098297319283007
1.0049328077514212
0.9995868786237522
1.0010094537840428
1.0085313079578886
0.9983193746421503
1.003313969685491
1.0008727452857118
1.003972072310997
1.0059727783665808
1.0094958444219568
1.004509816490506
1.0019834449114662
1.0041127171669917
1.0014110674392178
1.006764065908748
1.0064916572332745
1.0118258151021686
1.0083884909050111
1.0147598435929712
1.0032951198190783
1.0026516304259216
1.0114620990473795
1.0146122508513926
1.0152326631282818
1.0134203950526586
1.0136356896872292
1.011747080785452
1.0082863124585568
1.0077496702100734
1.0086702294388221
1.0074030488102315
1.0089397215963156
1.001887166711369
1.0071463166568098
0.9969801330750775
1.012404834169057
1.0082170498191307
1.0006638300880328
1.0029312861412414
1.0056829608961892
1.003266428459448
0.9944215712655017
1.011155659658418
1.0103922283378532
1.007709948982689
1.0101054615985374
1.00626857964495
1.0095972415007808
1.0012089905807884
1.0047676723469798
1.0081933888653372
1.0167045955838974
1.0055324183040235
1.0021108106863421
0.9999320537861554
1.007221178862242
1.0102553123028775
0.9991873393945854
1.0070227145121948
1.0076920306346513
1.0150968244509941
1.011509339182176
1.0073076396757064
1.009242086818588
1.003088749745802
1.0063638945434839
1.0040633941672463
1.0051899703566474
1.0005617202051411
1.0039410313552999
1.0061674466381163
1.0094266629571536
1.0056980384157528
1.009981697945659
1.004325440649035
1.0110046150285306
1.0115385881957253
1.0094521703770862
1.0012839445178525
0.9967450700414087
0.9967095131006951
