sigma=1.0 time=3.50600004196167 mc_step_length=0.5 num_mc_iterations=10000
0.9850095774375047
1.1073677724323965
1.1699938687884037
1.2062880343945652
1.0631259377929412
1.151754905975211
0.975656892542084
1.0294011593973398
1.0022666017627015
1.1076910164059577
1.0659315822792894
1.0620417425157918
1.041372759177621
1.043195494304323
1.0140132160063706
1.0081902665700009
1.0426216509672965
0.9914186446826835
0.9848885924606675
0.9689736311958268
1.031178086754547
0.9981129744271464
1.006060027134754
0.9948518886793569
0.984876765133955
1.0130021946252978
0.9908783414027823
1.0097651929105083
1.0174825779457162
1.004833225831248
1.0072800171369938
1.0114867059164527
1.014822365314882
1.003908862871277
1.0078107518848045
1.001069067593538
1.0015395573141377
1.0100677272099612
1.0013588375592821
0.9977431107701015
1.0074756103406588
1.0068146776942448
0.9924393142671672
0.9950649901194768
0.9925251731867547
0.9961338554445214
1.0020483984031845
0.9990552691272798
0.9961022907571583
0.9981709477562174
1.007572319570616
1.0030111170115577
1.0038353347745885
1.0120557757025195
0.9921506070396668
1.0268152932294294
1.0076081291287524
1.0000485029063868
1.006081990864567
0.9966999880828978
1.008738253841758
1.0005326415154692
1.0039362594085122
1.0011335868855145
0.9995744635238231
1.0058548282012447
0.9991901793292175
1.001947480254251
1.0098251176902702
1.0092649237346354
1.0014427219462838
1.0008177074351963
0.9932139889008449
0.9929028254720849
1.0059222876965672
0.9899272569756279
1.0001686863135617
1.0086615245329797
1.0068904694677063
0.996328249680411
0.9990669319883286
0.9994827620071782
1.0064031977565697
0.9913417643402792
0.9990746908329209
1.0114802569080756
0.9933223486458546
1.0007118926495024
0.9972570957723885
0.9987449987897907
0.9964206791866322
1.0139109083454092
0.9911275433178499
1.010009089730429
1.0109287891938767
1.0083320753030813
0.9935031221577557
1.009270450289575
1.0042983907641654
1.0034023194789863
0.9994081486764038
1.0006732603873238
1.0064994078632683
0.9952391571177829
1.0038535491324052
1.0110316604788752
0.9953399306482568
1.009609122737301
1.0027663049927935
1.0026425954725349
1.0165635397697153
0.9910078848631346
1.0068169027539287
1.0097302942475315
1.0080820029329982
0.993379231048712
1.0028407263129935
1.0085414171233675
1.0002899871495892
1.0009486636670029
1.0063895242875673
0.9943555283699431
0.993973255573827
1.0083121399584714
1.0136612318903688
0.9929829078703714
1.0036856101512317
0.9954855311852441
0.9986655940429201
1.0012288153689992
1.0044389906368751
0.9937561098634952
0.9960434580067347
1.0057749002263625
1.0088704506667299
0.9975345884603126
0.9947342402164872
0.9904409756448243
1.0030671476205002
1.0048315883755568
0.9992241734658464
0.9987466140049224
0.9913313372482722
0.9911475364140444
0.9958654890475938
1.0006579156422128
1.0045157329499275
0.9975084020062875
1.0015902554175051
1.0030060832164571
1.0048653557530967
1.0031209616727437
0.9871851855069452
0.9969752672964584
1.0015679667453605
1.0195264467114673
0.9941680126359953
0.9916333724665496
1.0116110440208677
0.9929972415308497
1.004893623724219
1.009228865316938
1.0074555120309476
1.010891048997608
1.0083032296262397
0.9942472480277124
0.993961810154649
1.0026260615311324
1.0188670824064368
0.9987324655235843
1.0030214938939508
1.001321080885794
0.9953651820670245
1.0147003765181024
0.9993187351104081
1.0065731874992203
1.0078858461957667
1.002227625738929
0.9956259648780287
0.99117352249121
0.9902356182812881
1.002830963056259
1.0053499121620486
0.9934966252724732
0.9956578985927753
1.0006725398537901
0.9986639823734437
1.0029657323996173
0.9932491813245575
1.0120288233879842
1.005263567477215
1.0160565738646155
0.9953100766125381
1.0020881215378328
0.9956524603133458
1.0164019123933479
0.9919732250874511
1.0082016962876459
0.9944173109648314
1.00458770236974
0.9967095489235757
