sigma=1.0 time=26.88100004196167 mc_step_length=0.5 num_mc_iterations=100000
1.0126292303520927
1.003476948528048
0.9991334230628023
1.0010318569695662
1.002382163600171
1.0011265009603922
0.9998102862699397
0.9995285004998539
0.9997446139046547
1.0008663257008672
1.0014970211973688
1.0008576480494853
0.9995866216595123
0.998691414954747
1.0005408330459458
1.0025294781742236
0.9996093207569705
0.9989765756434573
0.9993344732522602
1.0003512769219958
1.0013461684871257
0.9998947436752816
1.0003547938031618
0.9990056523113888
1.0013480684771419
1.0006332624432992
1.000494941454009
1.0015484244927237
0.9992588360303057
0.9998339925678436
0.9993769270485476
1.0011450623321008
1.0004645055882053
0.999698018616304
0.9998619536834933
1.0008955672267854
1.0027110618381492
1.0003720108223275
0.9977047175939849
0.9997518982519065
0.999105871467521
1.0006440792656532
1.0005170270397759
0.9997128744240171
1.0008309705392526
0.9994836568495681
0.9996459088656624
0.9990744208879376
1.0005695852273646
1.0002923163538902
0.9993575907185425
0.9984033545454603
1.0011872249549318
0.9986632134675203
1.0009745050501508
0.9989975910232847
0.9996924333283669
1.0005966865793332
0.9997212928378425
0.99971069476583
1.0006348732627897
1.0002857974093773
1.0000977592214977
1.0004226380320358
1.0020527335030385
0.999424983642362
1.0000921998528969
1.0005925402952776
1.0016646335011012
0.9999606769074159
1.000319523161184
1.001023787423151
1.0001508469021652
1.000740691387707
0.9996357122542113
0.9998802012585778
0.9995935654129604
1.0019784229763884
0.9994648400447972
0.9994524538954436
1.0002498183508894
1.0009061742423517
1.0000139966383519
0.9999254301252526
1.0006575440480387
1.0006526506936726
1.0010889384675852
1.0009754279307586
1.0003446493706045
0.9987496925131684
0.9999177276583147
0.9997099999110667
1.00120357298654
0.9992323080345134
0.9999541251828062
0.9988272110691138
0.999988927422638
1.0000177260522747
1.0005871415595946
0.9997053431782295
1.0007746180317494
0.9993477569883027
1.0005944285253356
1.0000417856458297
1.000147238867853
1.0001317713684692
0.999829206321351
0.9989604903018202
1.001020605566841
0.9999594880534153
0.9995035816199145
0.9997463913465401
0.9997590715273312
0.9998153574996779
1.0001598441501756
0.9997020236753021
1.0006325459924528
1.0011092008573494
0.9994190137455636
0.9996214033281982
1.0002733568680264
0.999717945343051
1.0007645958041322
1.0007596692010758
0.9998427069245123
1.0004392272643767
1.0004093156176561
1.0003715539323663
0.9984720929499153
1.0010659753885314
1.001003694827811
1.0017420588599215
1.0002786991350858
0.9999792189475147
1.0002870775277974
1.0001166153748136
1.001191493908306
0.9995526659057999
1.00015027660024
1.0004483830351973
1.0007102420679646
0.9991631512329788
1.0024823637554443
1.0001868390350346
1.0000811592014085
0.9996878248227
0.9994599453167968
1.0005747751317982
1.0002992278540548
1.000439922573109
0.9989166785966678
0.9989553360942036
1.00063804566727
1.0001818261405868
0.9997500470277764
0.9989152170230318
1.000122791073231
0.9996268178183163
0.9993594418995067
1.0011346160860113
1.000312919397154
1.0009468402428938
1.0000639146534909
1.0000703503702437
1.0008475194378075
1.0016754769861524
1.000440305444541
1.0009460496224052
1.0004310663919629
1.0010176217916698
0.9996128294302363
1.0010520733674986
1.00122615059076
0.9996435073410989
0.9992789183071012
0.9997627191807192
0.9990764883647973
0.999634331013068
1.0003688691704584
1.0003056831717385
1.0000060152319108
0.9998789489965313
1.0002243531881265
1.000685678519899
1.0008862951528545
1.0007414051805097
0.9994339239135075
1.0008750830568391
1.0002114865263956
0.9993038160596358
1.000920204729973
1.001484681382004
1.0004719349963773
1.0017483531605171
0.9993607645489967
1.0000457709569093
1.001032462863194
1.0009910219681792
0.9999698291122279
0.9999319929791727
