sigma=1.0 time=3.631999969482422 mc_step_length=0.5 num_mc_iterations=20000
1.0321991817753324
1.1255696655934988
1.1233476230489314
1.097616081917122
1.1052591040564703
1.065270407669982
1.051963348059852
1.1328977475182593
1.0615309106453286
1.0714853324389113
1.0298714398926805
1.1061115752240664
1.0361720877206912
1.04915353376663
1.0664492488165556
1.0463872509942371
1.0592125245426098
1.0422897073881006
1.0543922567543367
1.0933208430517738
1.0153217211757342
1.0778717565941618
1.0090446281925136
1.051235246832804
1.1173213731719305
1.0197503984634606
1.0802603934454829
1.09479756546527
1.0712193563867956
1.0757710054616387
1.0828796957750182
1.0924334796868795
1.0209809718296665
1.0250268682376593
1.0167136565049628
1.0414426074111935
0.9994115829050925
1.035382562257586
1.0604815987477778
1.043698986176782
1.0344697245815544
1.080310694532785
1.0587002202331688
1.0278420857986255
1.008639244033957
1.0433969638545648
1.0649824241766639
1.035573332235787
1.0305432341232112
1.0632483306023397
1.058593209546721
1.0017284000048305
1.0415380693020189
1.0591502164590916
1.05221081520614
1.0075181198175365
1.039021074452514
1.0235225160265826
1.0169954378386887
1.0294606947592595
1.0334401580453738
1.0177325808321276
1.0266818483790876
1.0183470819304394
1.0582804477180503
1.0389174373450447
1.0446821156445107
1.0244927082039663
1.0111737494553943
1.0191090520173918
1.0297315815873107
1.0361598766393763
1.0192977059627408
1.042977874873657
1.0283640198967898
1.0103633148882183
0.9983898578150354
1.0308873944235601
0.998175115235047
1.0063528142775615
0.9878603517780868
1.0169688439573112
1.0174021809067908
1.0092585554412319
0.9912142897835903
1.0275381238933707
1.0312016905450536
1.0045860075620852
1.0100706312988526
1.0452321715683675
1.0067368725000543
0.9931406437196549
0.9965385151128803
1.0297077706729039
1.0252629013335406
1.0061943785030045
1.0207554200787954
1.0270900056340222
1.0059294960972394
0.999521157919771
