sigma=1.0 time=38.050999879837036 mc_step_length=0.5 num_mc_iterations=100000
1.0940577382249606
1.019705220284263
1.009195094855586
1.0089517546218163
1.0021439180599359
0.9990181571077612
0.9992635919300185
1.0020389094506594
1.0021964656357323
1.0012417622953038
0.9994681305256597
1.0016933946781659
0.998472424140957
1.0028423214619941
0.9989884358796166
1.0019137172332082
0.9997201266789875
1.001222342733184
1.000126417034291
1.0006173104976381
0.9988330085307635
0.999889231223446
1.0026242885485246
1.000646175127428
1.0019269962675137
1.001417167568334
1.0010579866720515
0.9997685050587839
0.9992003169942983
1.0006201310752492
1.000419338550323
1.0014073522614668
1.0017944566818173
1.0009615555495626
0.999985281511651
0.999087453248324
0.9994565533171201
1.0006282587893927
0.9999991317199048
0.9982786455880586
0.9997340698093939
1.0002261917558612
1.0003933128524782
1.0007674028981492
0.9986570380307441
0.9994096185560295
1.001769654860008
1.0005593316765797
0.9991427723783638
1.0021556228174984
0.9994690335014623
1.001067773504556
1.0008486270954258
1.0002535086547097
0.9999239340169864
1.0000769656548234
0.9995025529951049
0.9995269577984192
1.0005411017971249
0.9992251284057992
0.9998001732649318
1.0009009303625456
1.0008204873193296
1.0003678287368212
1.0007920173006406
1.0007882087010567
1.0000751224965263
0.9988079148631367
1.0008684945802633
0.999826246823134
1.000348629727611
1.0003018727798014
1.0005666790273438
0.9992478434820901
0.9995767835488677
1.0000941311119207
0.9999324121599752
1.0000640115378316
0.9994571709461976
1.000433734165397
1.0024467167734097
1.0000343645129084
0.9987803551926981
0.9997495483965301
1.0005230608457822
1.001187891474646
1.0016137216486118
0.9999720166613425
1.0006631969801836
1.0007655935967956
1.0002353731065803
1.001208893849714
1.0005272547227684
1.0005342877544392
0.9998571919646004
0.9994764256928654
1.0006077604502546
1.0003622560838443
1.0016151167045575
0.9996339340192257
0.9997264771123727
1.000461430802157
0.9993334262467362
0.9990013852303946
1.0000348036135718
0.9997371506004977
1.0009143170305859
0.999922493754829
1.0001764409137355
1.0004862025852364
0.9988923769043112
1.0000929228194253
1.0000814350875415
1.0002308097511141
1.0002441744912547
0.9999130772094887
1.0002252896231991
1.000637042441069
1.00081715398312
0.9989846649466155
1.0000488893585824
1.0003752270094204
1.000392046610195
1.0006481709206727
1.0002608016217012
1.0001358287124251
1.0000199261831124
1.0001393804862917
1.0005953428440175
0.9994318606064307
1.0002084617070632
0.9999908245738744
0.9992963112729675
0.9994011985723089
1.0001260114833033
1.0008317597228271
1.0004228483036286
0.9994565024463977
0.9989096729513781
0.999425675181782
0.9992499565130387
0.9995049633982879
1.0011122663152847
0.999910413175761
0.9996108794033381
0.9999544766409422
0.9994108243091947
0.998908090915963
1.0007378480178168
1.0011496482865474
0.9995563236816962
0.9998344334594714
1.0005077814322456
0.9997900223025286
1.0009497748927554
0.9997024395550729
0.9993289783699089
0.99991194864935
1.000405672124279
1.00022834292926
1.0006579607147887
0.9993401423365414
0.9998665439547939
0.9999298397645762
0.9998665174806498
1.0002026511229272
0.9991785444922753
1.0008138980309285
1.0008617826316264
1.0002354731492524
0.9998372105218158
1.0004282399528288
0.9998364371002972
0.9995351750424075
1.000968424948689
0.9999817997349576
0.999453451846731
0.9997087910203701
0.9999394892649588
0.9998198771403659
0.9997461505918986
1.0005236594968905
1.0001185761386768
1.000904359254466
0.999353919053043
0.9996714826978945
1.0008354636824517
1.0000572652429656
0.9997410308062025
0.9997194305598988
0.999864244454139
0.999218366483058
1.0001419881187283
1.0006109001162655
1.001357486989865
0.9995795709270251
1.0000065653392436
0.9994827178213377
1.001247130065285
1.0003071993967831
