sigma=1.0 time=31.901000022888184 mc_step_length=0.5 num_mc_iterations=100002
1.093920080390077
1.0385897864191744
1.023689020144079
1.0089308224944946
1.006990342741913
1.0056584338961843
1.0070862860946788
1.0091074161034974
1.0066515371994125
0.9980057180660276
1.004507935356436
1.0000594187530714
1.0072306096905177
1.0034243588994896
1.018097824557419
1.0136096633863392
1.0098343857484178
1.0059241145019344
1.0103345474950365
1.010783023208523
1.0065969935927928
1.0098324309761924
1.0221568809600106
1.0072901954538118
1.0113419897547373
1.0000120652945044
1.0078850538365631
1.0013226393135959
1.0099319364290777
1.0073542529601451
1.0009944524896093
1.0148168036304923
1.0066625768356094
1.0105427842098667
1.0039334355533402
1.0099535161030513
1.0011544000361612
1.0055702421399244
1.001356950295517
1.0075124040092789
1.0060489947839348
1.0039691209687767
1.005474373784362
1.0065578857440791
1.006350549122241
1.0044140796951377
1.0007669081303563
1.0038135223671554
1.005679647547839
1.0030238373255207
1.0032385126710108
1.0003280760395519
0.9987871625339927
1.0011374310412522
1.0035839451706168
0.9987879025381132
1.0060985190538936
1.0037264549284868
0.9992507490172206
1.0009261638356564
1.004575669039159
1.0003310491476969
1.0019607740369336
1.0101726411136345
1.0036582094740716
1.0084241538883298
1.0026882743330128
1.0057116489913498
1.0055714949623236
1.0067762163139395
1.001391164195071
1.0038077591549213
1.0052133460763153
1.0003666800705282
1.0044079585273127
1.0035075847630253
1.002990611057123
1.0036767181141355
1.0075058590303096
1.0050952743038577
1.0000084675205294
1.0010449617629247
1.0039588620987292
1.0053460457870391
1.0048371196362635
1.0007476874532597
1.0031933845931937
1.0004927832757058
1.0069862224772368
1.0039180535229235
0.9996745777012127
1.0057779863606637
1.0028989989581603
1.007521877343651
1.0083341486215838
1.0121330950959653
1.0018547737357664
1.0029675069373225
1.002159221590239
1.004431588022737
1.0019904533020947
1.0008419196217495
1.0044788795720978
1.0070383821630684
0.9994791636085835
1.0012313683017702
1.0070114916282282
1.0021065829851472
1.0018253684001561
1.0034681948454796
0.9987248325697874
1.0030154757309273
1.003495047599925
1.0037118908202884
1.0020759028185153
1.0018151536290054
1.0092239057867538
1.0007341720318694
1.0046699926026756
1.0015718255735315
0.998125317190938
0.9989514066950372
1.003700105712247
0.9976343352105609
0.9993061693183954
0.9991519606053939
1.0005938774787857
1.002073516974288
1.0019119238346061
1.0004186056003896
1.0004368511770005
1.0015992487330945
0.9992365174112249
1.0026961161153556
1.0029673818444114
1.004734599042764
1.003647488830975
1.0074410660127395
1.0006238956496503
1.0000678389350983
1.0050608395502185
1.0073381541930377
1.0066319611207943
1.0044858507592425
1.0054667535774737
1.0052959876095064
1.002947121111389
1.003378172849984
1.0024659965891203
1.003026118665938
1.0033974631935572
0.9992657182719674
1.0036887916701995
0.9962926322814546
1.0057068004761205
1.0036973118469479
0.9992028885648512
0.9999687011985333
1.0016090821049868
1.000512316107385
0.996254018702894
1.0040732699013373
1.0040167845965828
1.0031502861311807
1.003976478864309
1.0020199285080553
1.00385555975271
0.999071687111019
1.0021742500709494
1.004468318485993
1.0088405911045888
1.0010123295439828
0.998535687452596
0.9987726683005791
1.0032301362227674
1.0048098723128185
0.9978826451774387
1.0017784208287266
1.0022220678737277
1.0062318012855531
1.0055302000297444
1.0022624354100018
1.0033761163103714
1.000046070806228
1.0027830609571884
1.000725970792398
1.0008699785354709
0.999351086919777
1.0012564734211895
1.001858639372966
1.0040070739284188
1.0029478028790637
1.0046846543491288
1.000964515134638
1.003559793219483
1.0045182340372993
1.003339697707721
0.9984175912938449
0.9962141454012887
0.9969938865954892
