sigma=1.0 time=47.79699993133545 mc_step_length=0.5 num_mc_iterations=100000
3.222530737873686
3.2660362472159608
3.2878967661641467
3.2207855478665093
3.2044693070603523
3.1868267061783846
3.273846974028074
3.1938548056414326
3.1554891130521665
3.2340774519236035
3.2326529458503304
3.1441282387095173
3.1685308327821082
3.1420988843348687
3.1833783287098987
3.116978673020981
3.122401543608788
3.151121983437356
3.1473179811768177
3.1444986895936724
3.1930881434111185
3.1932184255020726
3.105518507126235
3.1496772502165973
3.1334089468172284
3.1282474235471125
3.0980567598499844
3.1031130880467592
3.0866917266969387
3.109388685465344
3.0749592377868518
3.1143670793525575
3.102853921820607
3.0595782778664025
3.1052894657989336
3.091852452951222
3.135061400248536
3.0825517206880275
3.1288196202816088
3.089342153552405
3.0851373058975717
3.0997900233607596
3.098947599724928
3.103338546657028
3.1288264075031873
3.096106426793949
3.105209559379758
3.060579667632944
3.101417474087747
3.0708242325751782
3.0588295524124263
3.0760125026096317
3.0612432768289244
3.068526330929362
3.0188960648376875
3.098115715913152
3.062574053676054
3.0839064043735918
3.0557476995746478
3.0386091410162677
3.0643126421226157
3.0603312148380697
3.073080470694787
3.055251270790046
3.055565580956198
3.041735866815516
3.090903088291591
3.0250056224886333
3.024228307334065
3.064891857586075
3.0323330369004076
3.040474910281698
3.0626614827150376
3.0548396489244687
3.0749517353365277
3.037318432801083
3.0497983690817945
3.0733725033428896
3.0550819708853703
3.0665443477479943
3.032074176839821
3.0514206753869444
3.0222274923156554
3.025675748699345
3.05805201188861
3.0163429143133276
3.026673192296723
3.02104603118492
3.019147129027718
3.0376258093522526
3.04008849809312
3.026693828520138
3.027880378547012
3.0484335157461095
3.0311413346394813
3.0137369993045544
3.027118581953511
3.0283590593496252
3.025321535445026
3.0325743226901136
3.035355798308189
3.0339517397889946
3.0406086817822975
3.0343747746605922
3.0225898806015876
3.0230314932867612
3.019427131686325
3.0751968411731587
3.0422777013607063
3.0129238043440125
3.049020117404232
3.0427696702572025
3.0453984383917887
3.0179938818096272
3.026814560751734
3.0508061598131686
3.0434283420431285
3.012391576357766
3.048902414370256
3.0624624517705374
3.01223872088536
3.0002684209029247
3.023327940877819
3.00783358996799
3.0298035451402856
3.0372449484478747
3.025163545822596
3.0257909395514595
3.009982278758891
3.013610034962099
3.0063842975188644
3.036483154873572
3.0301855200125583
3.0338613855963716
3.024353351698669
3.034394574691579
3.0275143118778463
3.017616723449531
3.0194347459631694
3.025305451820917
3.0045351353238354
3.0211831729887537
3.023707224219485
3.033418513997487
3.0351013959470685
3.0102040461296733
3.0130065241719914
3.018698513497127
3.005438340173756
2.998641920570017
3.0198514724936905
3.0091489431565774
2.9977540263905693
3.004372417507666
2.9998927669493365
3.0171464774026107
3.002656874363092
3.0289749850133147
3.020017672715658
3.037329804169043
3.0421042179364215
3.0340935912167533
3.0137422421955944
3.0207572665407887
3.017480693909755
2.9980176967404906
3.0335537980009053
3.0325750693910116
3.0018752994275535
2.99940414670479
3.024449434809516
3.0272190758245983
3.017266386379417
3.0210375086769377
3.0183752442067346
3.012373058235091
3.021202346136566
3.0175873605307326
3.021445304437929
3.006944070784878
3.027260228545154
3.0030380214448127
3.0256474624341374
2.9974776129392504
3.0156317759234077
3.004758303460191
3.009044661351756
3.01013430751099
3.0216875170938353
3.0158910897614986
3.0146681855008435
3.0255103905152825
3.0363022129951744
3.0297152609645197
3.0199266747766202
3.0025440782979214
3.0283403413996917
3.0236443138545295
3.0103167712364494
3.0235404883650165
