sigma=1.0 time=3.7179999351501465 mc_step_length=0.5 num_mc_iterations=10000
0.9850095774375047
1.1073677724323965
1.2121954911187067
1.2859854685780114
1.1474584761442828
1.2848031489382168
1.0309905573794527
1.1321543702080228
1.103983882836401
1.2855835345040807
1.2401752859327384
1.2572896255144832
1.2052992440350914
1.2330954140480839
1.1435944024124247
1.169448670519923
1.2378134434680754
1.0884038815308075
1.0679098480118443
1.0186888881057596
1.2306606613576894
1.0916715653493094
1.1459078147922226
1.09095123411933
1.0323989709586627
1.2310405039722263
1.040307102495942
1.217130893877859
1.2251115153480354
1.2019331718080009
1.1520525353392774
1.076388207704728
1.2003466239704854
1.11105701056684
1.1208697973532962
1.1888570507873182
1.1292419357241168
1.210843448763706
1.1642232381925859
1.106049084762
1.2348692682317417
1.1335787535534714
1.0553504920929206
1.079207180665986
1.146042264949854
1.0979557681194103
1.0439490924954697
1.0532355752657314
1.078509102991756
1.0700915507514697
1.0242586077299984
1.1032461680423595
1.0830955659512171
1.0662527405035465
1.01516829764639
1.1145382233089234
1.0774359902441082
1.1027751191579807
1.1249459906079777
1.1263963747787673
1.0178237590424677
1.115838757608498
1.0504908909596131
1.029147520366258
1.1333381469590986
1.0071531304049555
1.1025318881638415
0.9525616014002946
1.1092435463353822
1.1231147723982715
1.052074210194474
1.0383967665155294
1.0184958086020564
1.0331926847659616
1.0030957886780056
1.0360237657195197
1.0813299106566012
1.0360187069558255
1.0422617062374528
0.9801374710992194
1.0974142075746474
1.1042101332040024
1.0731348791095388
1.0316665908191727
1.0559856756506092
1.0266959986733284
1.0327370748336364
1.0100051845091544
1.0075273899911055
1.0268201508982733
1.038759161025807
1.0384030671371114
1.0005497034789976
1.1018542304670524
1.0081456727492242
1.061596264599024
1.0656011499231648
0.9892782744186783
1.0263309806871348
1.0340755790812353
0.9732058302366317
1.047304943915748
1.0382273667212871
1.010264322474472
1.0230612480545787
1.0387856308322636
1.0258418394566484
1.0406974823296147
1.0303750823163085
1.0582816940274726
1.0487123048774933
1.0556225611075556
1.0467294626677148
1.0648799998003233
1.1031607468558682
1.0088969429159336
1.0301531472151648
1.054068445158837
1.0216007304093833
1.0256476021194019
1.058941447377159
1.0102632534787221
1.0407107993691687
1.0498200813791536
1.0070493989952842
1.0194184904528842
0.9773656030416481
0.9826518565534044
1.014548028813376
0.9843016871840554
1.053518619759281
1.0476013775630364
1.021663371412148
1.0018357399419882
1.0566828939583348
1.020038431346464
1.0255392158046486
1.0270695971990127
1.0323123092372308
1.0528667395067095
0.9893934396930157
1.009780360865166
0.978628701463035
0.9697039962331804
1.0179637093046872
1.0364889256849241
1.0482510170560706
1.0347279774804605
0.9937450405854625
1.0247231999193722
1.062206072023035
1.0000706070207444
1.0227180313366815
1.0013069789987903
0.9799337800004191
1.0229295584829536
1.0314871667729266
1.0125749062822589
0.956355594223133
0.9902808911705538
1.0114165893027376
1.0501766588049113
0.9878333677936265
1.076362097565615
1.0239482314718318
0.9976037897763831
0.9982667303268556
1.0165361020480501
1.038787253345379
1.0034474865964882
1.020167423369388
1.0019114590478992
0.9700680279884264
1.0340402443030805
0.9984148643092898
1.0049321588483386
1.028743782529199
1.0208656792325197
1.0012741021699754
1.0076356645397844
0.9770581269125266
1.0107213743231342
0.9875486330015838
1.0160997550531812
1.0254270659310185
0.9897772683056336
1.0176227044031712
0.9802939752050593
0.9984863379866387
1.0191394026731695
0.9949381798303509
1.01138540101252
1.0115954788686243
0.9966780266533248
0.9978949694318123
1.0344777877783717
0.9869074927544801
1.0222864921013832
1.010268910346778
1.0079571274486276
1.0095892690927188
