sigma=1.0 time=46.84999990463257 mc_step_length=0.5 num_mc_iterations=100000
3.222530737873686
3.0650531264251453
3.019999359463902
3.019387056319398
3.0086307148862255
2.99239312133687
3.0093194888225154
3.0094755892631713
3.0012466387699597
2.998698429369151
3.0059593822774113
2.994837248235234
3.0039677942791436
2.999518612228964
3.0054438048838743
2.994978002325714
2.9990477082020925
3.0046581861842623
2.987738510047943
3.0008854677164107
3.001534136694922
2.9976622233310364
2.9992728446967325
3.006832366909439
3.0007827399484954
2.9975949867120937
2.9962397592569165
3.004937555382503
2.9984734466821936
2.999344036863899
3.0000177254672047
2.999477366218696
3.0013068804783183
3.004453422435266
3.0066486522542895
3.0023246766328113
2.996843082517177
3.0002438976065773
3.0031851438841652
3.0044063104273757
2.99825610348666
3.0056931532749362
3.000982503486962
3.002689681180987
3.002329700164441
3.0022780805849347
3.0040384717120574
3.0028672316089313
3.0020373878500575
3.001300901023444
2.997898366377459
3.00393986869679
2.9986426379006477
3.0003617163118306
2.9964546720527747
3.0039276410596516
2.9987935897226223
2.998407130681602
3.0009278190615363
3.002316605913727
3.003754993233492
3.0051252007379428
3.001573271196609
3.0014110113330537
3.0024898309238215
2.999416105777111
3.0002863063099503
2.9980349060864526
3.000489555817505
2.997449751765316
2.998743793457525
2.997492853360861
3.002774041477523
3.001733843354202
3.0006347836081577
3.0024963915331417
2.99714259632583
2.9982812192187533
3.0033225627159927
3.0029137141042983
2.9977560694176204
2.9982129915805364
2.9998239850535535
2.996380502063431
3.006685816762035
2.998594175039912
2.9977760240492355
3.001735485205719
3.000859375677032
3.0021367264085286
3.001978291047286
2.9989825952229108
2.9978240598468724
3.0027335867732052
2.9984895975075907
3.0001676579718026
2.99976578342923
3.0031979280003855
3.0051453852077668
2.9996477485214177
2.994422503032472
3.0023488701935555
3.003490925616631
3.0016703639451623
3.0010229775272057
3.000033994067543
2.9966366186174724
3.0040567520658
3.001422384339211
2.9974048916150737
3.0047556000284548
3.002663908123101
3.0034020398250627
2.9989203880554123
2.999991321842605
3.000844978161865
2.9973926400056077
2.9993004569430752
3.003821993678844
3.0004486421886387
2.9962858645600488
2.996780034836249
3.0004148931278913
2.996031274915674
3.000113655756315
3.004959287825962
2.99852403056018
3.00287106804297
2.9951118648895716
3.0004175614755813
2.9995040562395325
3.0029227458322096
2.999535470634307
2.9994092298083435
2.9972170436584005
3.0052138873130847
2.9998391542151537
2.998194063372978
2.999601450063296
2.9985681869533742
2.9993275724837267
2.996837527684489
3.0019144335418964
3.0036812530544252
3.00244313068171
3.0018270632890562
2.997768948286041
3.0008578616722907
2.996170815879524
2.9968789953952744
2.997479428599527
3.004622258839501
2.995831047823363
2.996277951583634
3.0012133524913818
3.0041910122188815
2.9990750151716132
3.0010794775553515
2.9975662316447873
3.0014819247899016
3.001619990460236
3.00523001436297
2.9970337520402177
2.9987953198411095
2.9992953866911662
2.996687622697681
2.9984326306120246
3.003238407907406
2.9987468751199557
2.9977774103562576
3.0009411268612682
2.9981000105183466
3.0023321561852936
3.0009229235065744
2.999993942531057
2.9995496189733806
3.004669357740326
3.0064179219265896
3.001336894106764
2.9984177313389866
3.0001796742943023
3.000255198116214
2.998601189532448
2.9981358787346846
3.0017530765292286
2.9989042586106813
3.001620832356722
2.999141762212259
3.0025866712301745
2.9998070016922993
2.998875832608162
2.999689139361016
3.0065675452833815
3.002543395331767
2.9996755920544453
2.99831303574481
3.002267703827252
3.0035977496537476
3.003898870579707
3.0029055128371454
