sigma=1.0 time=52.85099983215332 mc_step_length=0.5 num_mc_iterations=100000
3.6233456078690134
3.45011689648889
3.4605422545121898
3.4469869390601757
3.498087144650912
3.4221239519656153
3.478772995553522
3.3858209074795464
3.3751979586809044
3.3962537653813127
3.320083249847845
3.368984130020802
3.2539515310077882
3.355045029280465
3.3189684025231165
3.2103492497107795
3.266572329492916
3.2444435180893407
3.247680763236057
3.260613891669786
3.258963596612523
3.1992637780853452
3.307037091036928
3.1935331113577443
3.1793642617362448
3.146061635700676
3.18693772194733
3.1468261400507873
3.131404809411144
3.150997661348408
3.168763980149284
3.2887905865414604
3.1468949387881673
3.2157618369454317
3.168725164534926
3.1638153699089244
3.167757442798622
3.088676744414628
3.2058275060124974
3.113172845099249
3.0948315568995874
3.126142357541762
3.1232083817034684
3.1062561776360536
3.182150937014712
3.160339289398987
3.1047555191657494
3.124481324524889
3.0955488581560475
3.0869581802962256
3.1522942800407283
3.1233476454761617
3.1480930394939417
3.1260416292082747
3.0967539841780347
3.092347653414407
3.1085187250221433
3.1147042606807585
3.0701603928599113
3.0459484739197293
3.0710287018749036
3.10247589372421
3.0779213282923465
3.050949221069438
3.0717199245054254
3.0804119303295656
3.089225506679001
3.0543071486303943
3.055790176687106
3.057695854218601
3.0554081125309827
3.063840727335294
3.094838478046582
3.054414518835461
3.1046045029232174
3.098224634213062
3.021005520370528
3.0610371995178305
3.051578375463872
2.9997877611430788
3.062018453246643
3.061119636883145
3.052968199764612
3.107572447723336
3.0238654575080455
3.027386572973313
3.0544968742364142
3.064991135351169
3.0337007825469597
3.0446438036445307
3.0076902356401343
3.074396768887802
3.0681831272688127
3.0470858025872154
3.0179124636159913
3.0379630339843713
3.015356638840543
3.055254639554067
3.0138637731283313
3.0407872633714454
3.026340798939777
3.0173853393534036
3.026226433890129
3.030752560196915
3.0269409780443075
3.0422577963208455
3.0241258619562768
3.0077491597882084
3.017605003879253
3.0179122457547605
3.041296495117119
3.0149927673496126
3.047067994836088
3.04066137731671
3.0376984089986414
3.0179692495876407
3.0224836711135445
3.0314679558730213
3.0562299562132536
3.0278151274276923
3.037656118695
3.0043031118311028
3.0416664769909234
3.0180302921488344
3.0220247408107848
3.0177614423985095
3.0341732488487336
3.0142369052657694
3.0406808323710046
3.0148482633798674
3.02288906904116
3.028370806375466
3.0426470114586124
3.005868606473405
3.013146587890229
3.0149867577488956
3.028651658691274
3.017939481674596
3.0256451641016247
3.008706176237863
3.010464638732537
3.0146051775512293
3.028599538743663
3.0310117018642235
3.0120253055428376
3.009639395934694
3.0253621504837245
3.0189607558159395
3.026408423176637
3.0086169632358417
3.0049081932644754
3.0405148711192744
3.0123396718729727
3.0189302325049647
3.046003847564247
3.021349395040232
3.009512697829657
3.026619081143626
3.023827443860092
3.0188109069647107
3.0005351532158735
3.0198338724152385
3.006323476707072
2.9983423676654684
3.00373683291534
3.0399773463993727
3.0154749583215597
3.0355762709261773
3.0093763486805516
3.0031428303319805
3.022376736137458
3.012741626492511
2.9950238229340886
3.0189639586342887
3.0302271022826517
2.9979626412893436
3.010882706256748
3.0187008193410647
3.0268282839306657
2.990442093484909
3.012420171172543
3.0197776665025806
3.027265971174498
3.0300324495592803
3.0096692600993626
3.020214060064198
2.999198727847685
3.0199255868579566
3.021605507528243
3.0136476657376354
3.0095122889733235
3.045879079785617
3.012466113355047
3.0262015244869516
3.0123438894638874
3.0009553922747787
3.020320931300354
3.0017321693722936
3.018231385022686
3.014619616325444
