sigma=1.0 importance_sampling_step_length=0.5 num_mc_iterations=20000
1.201703516721408
1.1743951802557504
1.1181730459960102
1.0869495358371846
1.0748273967582695
1.055376398483502
1.0467443385226964
1.0358628329276038
1.0266021292671732
1.032200965060276
1.0212751095148975
1.0154033246714904
1.0136440203781478
1.0156046792986184
1.0096511933064933
1.0076336329955067
1.0048465398300241
1.0071431089367076
1.0064352038324895
1.0050237038660645
1.0027682815985037
1.0033715041272313
1.0035442974456463
1.0028608803344459
1.0026361639379986
1.00290259708887
1.0034624592792412
1.003452537749333
1.0001431197717596
1.0032734124864642
1.0033180975867146
1.0028621995475604
1.0026219679460981
0.9998411570654897
1.0019921188744123
1.0007772699060882
1.0015733422080717
1.0025010770747316
1.0030621384728655
1.0019641749171493
1.0018938342822978
1.0024180948272043
1.0021415439129326
1.0027154606118118
1.0017942310690844
1.001064816853066
1.0006156786947702
1.0025915966166246
1.0024684138173996
1.0036041604986725
1.0020272144856985
1.000652961283325
1.0011270272700785
1.0030778764766748
1.0019636942790735
1.0011567350435138
1.0014199092403775
1.002427857728312
1.0002898671977434
1.0016452601589907
1.0006337280097553
1.0012492149029286
1.0003559630425949
1.0030785775753992
1.0011488144252405
1.0011225893944826
1.0026159073593035
1.0015154075740154
1.0016644142569846
1.0015899779392425
1.000629898996507
1.001018043138096
1.0030613523050556
1.0031818832616393
1.0034398320569797
1.0036299179265467
0.9999569738408468
1.0002797756714346
1.0022944750284888
1.002877064485374
1.0011766595749698
1.0012278800242305
1.0009010079389014
1.0022502027234415
1.000109236718198
0.9999923698516981
1.0016353836241045
1.002086784631654
1.002588461723874
1.0014724861066675
1.0018785850014893
1.0013036022566848
1.0016162953410324
1.0012044948745054
1.0020600483703637
1.0020011393366868
1.0018445059214427
1.0006461521880798
0.9995569447591051
1.0015685591475543
