sigma=1.0 importance_sampling_step_length=0.5 num_mc_iterations=20000
1.0248696174962884
1.0181671286505383
1.0206127192165
1.0259463355418057
1.0191325395663726
1.024593970113281
1.020158564630602
1.0247138373390106
1.0180433922278753
1.0215420189761477
1.0218534325731465
1.0180087561860396
1.0217759913658644
1.0210225348181579
1.013815607483983
1.015857561141314
1.0186847457920256
1.0145695982902996
1.010516059150954
1.0246100517025678
1.0185328810549035
1.0161232755208047
1.0216659789099591
1.019640533008523
1.0154868624043778
1.0224238718725087
1.0173790532763831
1.015662928570308
1.0154174430490526
1.012735294867998
1.0178506678935908
1.0126658781882647
1.0116721616609001
1.0188233455121436
1.0149556456395283
1.0132559537274926
1.012286322995819
1.0168656859506429
1.0176011576393973
1.015613894612032
1.0142541137142322
1.0149557636021604
1.0113451696675468
1.0135587770061039
1.0095340914168975
1.0158978981194893
1.0124530584007019
1.0153825590101189
1.011534611951991
1.0133969374267153
1.0123891026469303
1.0140717942331747
1.0117984742061719
1.0122058170224755
1.0118114345516882
1.0153570177135822
1.016914594197802
1.0083113958432977
1.0168017746784863
1.0143966717714845
1.0119704300771575
1.0152357676077586
1.0149213781245208
1.012976997350258
1.0131020886822937
1.0112742971119844
1.0095798569038958
1.0108844266372718
1.0107117180393481
1.0123087101168016
1.0097390771216135
1.0108566215671957
1.0091457029069006
1.00910944422885
1.0100306876841445
1.0093262681009274
1.0085142620405183
1.0114893248032537
1.0076831634269992
1.0115509528870343
1.007651415590508
1.0103544927782062
1.0105464781590807
1.005374145758639
1.0094405690979773
1.0095488724210169
1.0065313156303584
1.0064484979908863
1.0114672169118784
1.0116203120550802
1.0100043344623917
1.007654265558927
1.0122467060217344
1.0098221778307057
1.0094985885291767
1.008045755164928
1.0107225440378784
1.009232412691455
1.0057875630353086
1.009554679875598
