sigma=1.0 importance_sampling_step_length=0.5 num_mc_iterations=20000
1.0149170903350784
1.0146111970270866
1.0090846706507617
1.006908882175746
1.0068701108324196
1.0103022396847352
1.0072229752254893
1.008315948903561
1.007635966043424
1.0030754137417284
1.0040155571178149
1.004097005636638
1.0024503529183433
1.0007943324609576
1.0037451632729895
1.0032775825559634
1.0024285709648104
1.00415977105877
1.0022090885501553
1.0032312996444859
1.0016142654686442
1.0010355288870902
1.0014059790016285
1.0010043898330634
1.0017527164502333
1.0000512025364503
1.0005457236708284
1.0005294348682976
1.002416331392886
1.0029873323482892
1.0028254228009372
1.0004902610890005
1.0011401851951252
1.0015999402062818
1.0025124951314959
1.0040803098660531
1.0025604295905886
1.0022328074033047
1.000662354979641
1.0017535286828616
1.0023300407175375
1.0027364850102192
0.9999500017996874
1.0020209815375285
1.000569856595278
0.9999274352066645
1.0008352899863573
1.0012997975274947
1.0027175687668208
1.0020375347599877
1.0006029808518628
1.0018854651952418
1.0011386383165797
1.0017280359823086
1.0035134609137186
1.0005959830311266
1.0010189710239021
1.0015249959603119
1.0014629039531164
1.001221818263186
1.001803025562895
1.0020331083961347
1.0006092324851326
1.0006057973028128
1.0023521741961843
1.0023290579909196
1.0017477018601182
0.9999134923932586
1.0018009305898885
1.000257350404933
1.0033976723472153
1.0020582355147543
1.0028752078954155
1.001347842988222
0.9999436944112736
1.0006970025354007
1.001366699935759
1.0014542576382572
1.0028177963613027
0.9999552046957223
1.0017811212404977
1.0016449562156124
1.001537526037603
1.0014553913812794
1.0000541682391053
0.999945550062245
1.0005823961175375
0.9998548224194197
1.0010164601341072
1.0001011175717918
1.0012922870855077
1.0002191636122595
1.0010093651110243
1.001996360689837
1.0020867921579235
1.000092376484432
1.0020602418089546
1.00140779940454
1.0004267002488032
1.001970974019615
