sigma=1.0 importance_sampling_step_length=0.5 num_mc_iterations=20000
1.2139905552541046
1.172897497615687
1.1296276183462084
1.1236868060852145
1.09193324993294
1.0847834461217907
1.0836674590505617
1.0686583271910217
1.048363639943806
1.0472446333987178
1.0406660510882766
1.0386412787947807
1.0312492614121656
1.0286586977618706
1.0366269714994494
1.025394194104195
1.0283005990105993
1.0225363752786603
1.0215370990527928
1.0195125368395161
1.0189985760062548
1.0169013418949748
1.0104744129569723
1.0171923255357402
1.009716594703171
1.0122017352161747
1.011149688697019
1.0098540480185827
1.0067424271313108
1.0094563761711903
1.0076212437232361
1.0063468257630683
1.0038978624882524
1.0051063278465748
1.0079461948603945
1.006732079572109
1.0027772179826664
1.0034049419044369
1.0028842142922305
1.003538406555362
1.0035260691139347
1.0040738236276483
1.0023480393183293
1.003601035084565
1.003275856945849
1.0031885073815794
1.0010143234243265
1.001167093964761
1.0013635980023952
1.0010831358732846
1.0008901857414494
1.0015990720548311
1.000990665300896
1.0015765773203107
1.0004236287723156
1.0011123209553572
0.9995715747616066
1.0006750621267169
1.001893841186106
1.0008903161369787
1.0019381878674007
1.0010431517728628
1.0007138679382181
1.0004388948618657
1.0012819547837837
1.0001282917761243
1.0001965030772895
1.000573776795487
1.0012820447601614
1.0006098433532347
1.0013068367066176
1.0006334394216976
1.0008269943487411
0.9999667644714695
1.0000712851970002
1.0014448233447009
0.9995264764173547
0.9998506668787169
1.0002020785150276
1.0008572918089442
1.0012198782331634
1.000246650727702
1.0007238837499273
1.0005866366922347
1.000582053208286
1.0007836487929198
0.9996564124059092
1.00064023360613
1.0007814936734443
1.000002321872046
0.9994894365695007
1.0001499568587977
1.0001315971055444
1.0001517621345906
0.9998771771194263
1.0007534312276674
0.9998055542262408
1.0009437356394932
1.0007870448251168
1.0003749923486176
