sigma=1.0 importance_sampling_step_length=0.5 num_mc_iterations=20000
1.5758637496372598
1.580243981289086
1.5298181287551067
1.4970583219203581
1.4806177913057976
1.489928817770791
1.464962658062425
1.4531301850750344
1.4488354238513057
1.4141802510449126
1.3897498253846234
1.4087435448737577
1.3458361301851043
1.359854873654221
1.3531810545744622
1.353939546927608
1.3445701211136338
1.3179952360594538
1.2878600744655746
1.3193561551343496
1.2926328689201319
1.2848838924776445
1.2809257867088726
1.2744860812602778
1.260259417132231
1.250451369039077
1.264973759327311
1.258857967729675
1.226358653453199
1.2353115163414832
1.2138643511968776
1.2203967071774182
1.187454817545413
1.1988903348012994
1.1902487373536303
1.1965478553011697
1.2087770733364422
1.1946288635559954
1.1703404877881864
1.1565850036441858
1.1840846374630898
1.1724091819638975
1.1583365510689119
1.1674053641593751
1.145502275665799
1.1484892275402594
1.1544897428198977
1.1322326213012506
1.1496843755019786
1.1311424102209149
1.137939733885606
1.1200652633265953
1.1369175750071727
1.1294046939966842
1.1155791890164701
1.1075194181727253
1.120445118506234
1.1224476040779252
1.110968272629415
1.108601575887748
1.1157019721193637
1.0908243127274566
1.0984868474381533
1.1022127015882548
1.1064394729848261
1.0935203658102834
1.1083227870934866
1.0823401785291336
1.0948450452119538
1.0851031924437293
1.083223783978575
1.0836822860610742
1.0840785240136133
1.0843710590410434
1.0705556783961596
1.0771603618023775
1.0765296859943962
1.0698198222245507
1.0764080219146919
1.0665758541966388
1.0664321043425604
1.0720616616822272
1.0563946963422453
1.057854619458003
1.0547287565240817
1.0604395268753275
1.0559359193026094
1.06422560884113
1.0554781855620683
1.0550639749780824
1.0533603895809658
1.0555910362643486
1.0491181526193387
1.0602886204494115
1.0581368985317847
1.048377247164734
1.0445686747573066
1.0487647637478716
1.041773352446859
1.043437801664907
