sigma=1.0 importance_sampling_step_length=0.5 num_mc_iterations=20000
1.1254404512019756
1.1095344149863267
1.1147578849769102
1.1093638555784209
1.1087713347842825
1.1039493842161163
1.102686913558909
1.0911260875357043
1.1005906929451998
1.088285415264489
1.109400340822581
1.1079469271786329
1.0923408778069856
1.093533219817891
1.1009678793721118
1.0950271462878725
1.0896313482355044
1.0863022789210781
1.0919489076132587
1.0833144783134527
1.0918477315592119
1.090034924383795
1.1021937357006983
1.079458604424317
1.0810224254170855
1.0859843854024744
1.0767708582727693
1.0843313103737775
1.0741910568971553
1.0800678284974914
1.0744877205974157
1.083844945374251
1.0691655878908581
1.0727482440386742
1.0763316729219936
1.0814346481859676
1.0709115827845517
1.0695376512153465
1.080273945507419
1.0739094325292122
1.0606308778904607
1.0709286912182923
1.0742760004587177
1.060668151442839
1.0668345171125573
1.0693382055865193
1.0644364598766964
1.0661929511772812
1.0718643973837194
1.059994738448186
1.0518578377744303
1.0639741127834748
1.0606366313836235
1.0575754836629165
1.0604539360175276
1.0610801466101951
1.0616240146524463
1.0557015642071397
1.059138065376539
1.0615625429442623
1.0490621996261114
1.0493768453755057
1.0576965836962375
1.0549298118319024
1.0549072998459708
1.0598531177390704
1.0548458850745892
1.0521207060495719
1.049183834654855
1.0470939180965435
1.046998452537939
1.0515821747609053
1.043468414410798
1.0390980359533655
1.0485462326884676
1.0577431683039114
1.0472328560012587
1.0465887880459919
1.0527630980622165
1.0537464862916837
1.0449288956054368
1.0492839143101276
1.0443996771019162
1.04147706364041
1.0411983534495812
1.0493319517378776
1.0426763382802293
1.0478617022091392
1.0439703927248318
1.0442558795286776
1.0371558975384132
1.0337339125114513
1.0546614718238172
1.0389008121878556
1.0450846463337329
1.0344776371006608
1.0368870261486376
1.0416374077344457
1.037917156610568
1.0327921796145412
