sigma=1.0 importance_sampling_step_length=0.5 num_mc_iterations=20000
1.0138039423528942
1.0073482507068252
1.0029552692009258
1.001322906589212
1.0009966301979496
1.0009873771793834
1.0012368896207828
1.002219926830272
1.000194670711606
1.001691961232458
1.0018720249653081
1.0008336433448897
1.0015289181114346
1.0003024363293527
1.0009678092904895
1.0021633694345453
1.0002599438442894
1.001495372721157
1.0018070210640055
1.0003105041000753
1.0007319056146085
1.0021752722507935
1.001652412662492
1.0017372868819172
1.0023642182835149
1.0001230634581277
1.0011663354807292
1.001410296689512
1.0014087881215805
1.001884778778034
1.0008876740763442
1.0029230287768418
0.9995711831701471
1.0006836197615703
1.0009797704278105
1.0010209575620055
1.0013197381347188
1.001024789271262
1.0009325920728789
1.001773368429978
1.0016374825435472
1.0004942090373772
1.0009521046611982
1.0009185944408248
1.0012217551021525
1.0008665776510468
1.0010925355188782
1.00026185292299
1.000220348194035
1.0016939163661909
1.0004203251595214
1.001067700620499
1.0007015806335127
0.9993708850404595
1.0016169652826103
1.0007041289463376
1.0001450602213133
1.0009633055288576
1.0008431322765787
1.0014162786522995
1.0011188583910424
1.0011528310869906
1.0009663051410618
1.0004543073229837
1.000458250618531
1.0011763210909266
1.000527979769616
1.0013032072074972
1.0009477649685787
1.0002319772724717
1.0011542717367075
1.0013547064084865
1.0001167457940476
1.0009596883582703
1.0005943582829424
1.0007526315518502
1.0010526117065046
1.0000623156473065
0.9999901165959407
1.0004219266304095
1.0004875878013053
1.001216613067227
1.0018293640230675
1.000588616780358
1.0016908651588945
1.0018292770471768
0.9991027686137348
1.0013953461456482
1.0006987593679852
1.0016715626283046
1.0020799255514528
0.9995404364312912
1.0011930276670162
1.0004276040378883
1.0013232513436843
0.9995115018946008
1.0010359345117006
1.002277322385473
1.000811667283333
0.9998884829384956
