sigma=1.0 importance_sampling_step_length=0.5 num_mc_iterations=20000
1.1544035723738524
1.0618469836044433
1.0531061242726776
1.0101512776589507
1.0065629425797054
1.005087215141497
1.004790091507725
1.0024494566255753
1.0029028549960557
1.0020751584191905
1.003086499035875
1.0011368039446513
0.9999505216679071
1.0008697123480619
1.001606945503596
1.0010405186775744
1.002370958050834
1.0033686685460663
1.0018925492611817
1.001926283985689
1.002456907575513
1.0024323304874145
1.001700710663035
1.0004806162009738
1.0027448499706355
1.0010974632035041
1.0019507428817578
1.0006932537670459
1.0008510842279983
1.0013520149269373
1.0010730007092579
1.0010863856972223
1.0001198902861268
1.000269979075505
1.0007647085216298
1.0020007585323345
1.0017127866821063
1.0010893655182378
1.0002981598748217
1.0026267203067505
1.0000389957237326
1.0006145177660608
1.000629251383329
1.0006394585112495
1.001224436086251
1.000660266416255
1.0002614831288459
1.0000885152292835
0.9995156699168165
0.9994473139087128
1.0007512399481246
0.9998313891190305
1.0003635551433243
1.0020362559852638
1.0010357356139767
1.0003400879792599
1.0020930217125446
1.000181991827683
1.0007073645582254
1.0000880272876573
1.001054543290771
1.0000418949210848
1.0008677021762744
1.000949121486087
1.0019158692024057
0.9998573322883791
1.0011855615876775
1.0009066427399629
1.0007241560190343
1.0006397748458615
1.000376889565412
1.0023857304633323
1.0018987875179917
1.0008128818314581
1.000930922910842
1.0006851811833213
1.0010541672878457
1.0004218788435106
1.000113491438128
1.0015148776191563
0.9999758434980008
1.0004774528463267
1.0005738865314384
1.0017247236845888
0.9996899916942766
1.00045938934483
1.0003656625282888
1.0009125796299558
1.0002427421342552
1.0002807811544618
1.0007454703357705
1.0016260973873623
1.000655678156898
1.0015560063114926
1.0007158796839055
1.0008165456615916
1.0001623138609261
1.0002355069022273
1.0014899267875563
1.0015426606434272
