sigma=1.0 importance_sampling_step_length=0.5 num_mc_iterations=20000
1.1953600028385043
1.0007783702927027
1.003242313388801
1.002544289524999
1.000971279859125
1.0005788532504902
1.0019545637037164
1.0009623938071808
0.9993604582795792
1.0016401445656964
1.0012485409960363
1.0011549491251261
1.000667592765847
1.0006929731838905
1.0002723007008503
1.000055503988069
1.0015670876947023
1.001789657477119
1.0015312546079942
1.0017773326789619
1.0009624734582063
1.0009969591659664
1.000895114495913
1.001380315280131
1.0010669713656317
1.0007161783580967
1.0007224025000847
1.001330439503179
1.0018497089525613
1.0002694292380876
1.00075211539074
1.0002783412625533
1.0010140475742941
1.0001414984253447
1.0013286673102106
1.000404542297718
0.9999295954325272
1.0002964843206466
1.0011772976811284
1.001195875469772
0.9997012733366983
1.0011853831398112
1.0005874864943178
1.0006639305663456
1.001272720157581
1.0007824955967113
1.001235789957397
1.000029559118667
1.0005769210216957
1.000409438209351
0.9995604233442706
1.001376357272426
1.0007330853863399
0.9995536322119187
1.001109366258067
1.0005882973551712
1.0002739189048477
1.0001496153294507
1.0005413865029078
0.9999092546304407
1.001462839907544
0.9998260521409401
1.0005359760579506
1.0006858282428475
1.0000204019515915
1.0003676306319003
0.9999082646979025
1.0008438324635638
1.00012341832723
1.0007462850619455
0.9997406759046891
1.0011193649638672
1.001578896138692
1.0005785583455773
1.0009779965589145
1.000594654461022
1.000697628399347
1.000798012853993
1.0011343006685665
1.000193592680817
1.0002846827336347
0.9999883782216199
0.9999035233075227
1.0001410295753401
1.00064342089198
1.000799060280802
1.0000869404859034
0.9995107033804079
1.0004136078775467
0.9999487595278356
1.0003633891012245
1.0014762065717204
1.000714799208971
1.0001718247234457
0.9999295850301679
0.9998739903483634
1.0002229023503253
1.0004973919190052
1.0002846762414597
1.000144090041499
