sigma=1.0 time=39.64199995994568 importance_sampling_step_length=0.5 num_mc_iterations=100000
3.6141881571465837
3.44604864837674
3.3381751155134483
3.277796473896411
3.227607988498283
3.19983327667955
3.1554868980895243
3.1348301973177364
3.1287703753314213
3.109412238987489
3.0983799621639547
3.086074598409564
3.072462960124851
3.066141713076157
3.0575688585695806
3.0486446064998933
3.0424678884121374
3.042717982858281
3.0311622151159985
3.0304312420155033
3.030280513293829
3.026284470900357
3.0241790415290803
3.0206171146999896
3.0195270944844936
3.0157556768198264
3.0172805956401194
3.0124568678147865
3.014698890056892
3.011066010469228
3.0067299100931333
3.0098679212588304
3.0084559723617064
3.007022774557203
3.0081500523544684
3.007010501160376
3.005523408436544
3.0064350134862967
3.0053676574631094
3.0041954979093055
3.005979663679042
3.005157935981642
3.0044694500036297
3.0044956765583897
3.003455113784901
3.0040295381634854
3.0025599792469557
3.003892304835495
3.004772825201014
3.003800340909208
3.0022846010312074
3.0019629831210666
3.002607624146323
3.0040293909325153
3.00373791473388
3.0071146358468144
3.0042009603163136
3.005511589724604
3.004153705710529
3.005922191873348
3.0030867172292286
3.003398568877702
3.004423396487547
3.005356332726307
3.0034946754882705
3.0039219919825677
3.004326861008629
3.002768385323123
3.0030192445390154
3.002568301999554
3.005753590025324
3.0034849449976866
3.0038602154494023
3.003231489585115
3.0043942536913035
3.0019197959075514
3.0023561718754457
3.003142997825595
3.004550299004336
3.004500589175276
3.004473122432975
3.0034041472274104
3.004577320473412
3.004124312737954
3.004485694932254
3.0052456061246158
3.002697278325274
3.003097385048197
3.0049304239912495
3.003539143851164
3.003425560142166
3.0041323290190873
3.004568792510031
3.0040296873992762
3.004321617183014
3.003192622704131
3.002803100110686
3.004305379165022
3.0027067158931207
3.0012582253388116
3.003187031019405
3.0026740308683295
3.002528478324167
3.003882016123053
3.0045390340907745
3.002845635468209
3.006272667992419
3.004522619753046
3.0030969252216813
3.003213747073896
3.0035993083149894
3.0025910613572613
3.0034006226444667
3.004144684541042
3.0038248615588587
3.003125337096268
3.003713048598159
3.0032824487666736
3.0042558413727214
3.0031441825495846
3.0039887191084507
3.005273315860403
3.004152514697146
3.0019125302103626
3.00427329640559
3.005253206475045
3.003095382161837
3.00416003663138
3.002882182454707
3.002043801944527
3.002720773162796
3.0036897439020342
3.004130369636454
3.0028976660191073
3.004550192617641
3.0032178681772295
3.003025543099891
3.002805098596196
3.004144856766116
3.003181234013053
3.004653160596416
3.0048012915590228
3.003480877980062
3.002489515164463
3.0024253965087118
3.005370195382281
3.0037484340845872
3.0013822221351787
3.005682089726016
3.002346477779016
3.004385372219864
3.004170105094592
3.003752758033011
3.003740931014331
3.003270553529457
3.0025131458073577
3.002673812336096
3.0033480392596
3.0037063458632094
3.003449709179774
3.004359426861071
3.0030110877460197
3.0039406235800876
3.003924900450187
3.0056763781201172
3.0044159022683554
3.003699514623832
3.004657910529863
3.0050775473369504
3.002324855368843
3.0024954984348993
3.004792494877455
3.00331445031424
3.000935666991958
3.003833341655125
3.004143878041982
3.0034095862561654
3.003973155295021
3.0049222356278276
3.0020196581328706
3.0056690024421577
3.002865437464323
3.002582020248884
3.0031710905170463
3.0032296501297555
3.0020784360027193
3.0038049369885185
3.0033053174362907
3.0036123922311573
3.003346416751776
3.0034767185996105
3.001951742106919
3.00110150288489
3.0032970378984363
3.0039557225520097
3.004124885474088
3.003709798829248
3.003218038773581
3.002803628177441
3.0027541247292566
