sigma=1.0 time=39.6710000038147 importance_sampling_step_length=0.5 num_mc_iterations=100000
3.6141881571465837
3.020057826825591
3.007017177259492
3.0067353625340263
3.0039196435851823
3.005678357781249
3.0032513866296084
3.005306509984621
3.00364261189796
3.002524073292068
3.0042196288852145
3.0068721613930847
3.005022042085889
3.00513011303605
3.0035715025191427
3.0010992022558853
3.0042332628012582
3.0041481969686017
3.0026832923814495
3.004234239276035
3.0025547946458366
3.0032059156564324
3.003626038846483
3.0043653869767546
3.004350589403626
3.003508325243027
3.0055636322923154
3.0043874683350507
3.0035933404150947
3.0035531880122046
3.0022407843030736
3.0040815263744953
3.0043906633065722
3.0036566850922193
3.0052734218488695
3.003700481221717
3.0033238364861217
3.004460939350282
3.0034469448775267
3.0031282589599626
3.004367439962721
3.003984741230135
3.0029282302201517
3.0032373929674354
3.0029284197975854
3.0033461842182176
3.0017975077997128
3.003041249649815
3.003566220537209
3.0033059816079763
3.0009481951163375
3.0019107852440885
3.002131408267016
3.003132601512017
3.003067763185334
3.0061934863266404
3.00343973038757
3.0046150029028125
3.0035190877440616
3.0047937191206695
3.002180535476292
3.002971769739064
3.003739893542907
3.0048409255657345
3.0028010456245644
3.002978158260271
3.003503185270699
3.0019815136758576
3.0024112221011716
3.001906298323771
3.0048038015959317
3.0024583907939855
3.0028823108711715
3.0025996674898696
3.0032283698082787
3.0015498147323916
3.001646610099574
3.0022575337306763
3.0031930816469243
3.0035865234596204
3.003276669278132
3.0022596753973385
3.0038614192569844
3.0030058302719707
3.0031515578957033
3.0039647651523467
3.00208377491449
3.002241804779677
3.0038369391749407
3.0026221239282935
3.00228334582675
3.003232502396258
3.0032934677739007
3.00306098354146
3.003162727613881
3.002304326084888
3.0018564910235783
3.0030938275782244
3.001800960422551
3.0005510474265087
3.002352518873624
3.0018322382605382
3.0010517764629565
3.002769424577113
3.0034889099066606
3.001792637470081
3.0044275600873465
3.003200740535093
3.0021125237172637
3.0022177824475578
3.002411980219059
3.0014277859006304
3.002284912810011
3.002756653297425
3.0027244627149674
3.001973611557963
3.002638062868531
3.0021302587317154
3.002640057097065
3.0021196710547815
3.0027492993050107
3.0035764898059543
3.0027942605992783
3.0009438907763397
3.0027912017425153
3.0034631984153988
3.0018736675377498
3.002668244485142
3.002021973940133
3.0010172476388286
3.001783056846728
3.0024584461708703
3.002854470059141
3.001528434873525
3.0029571243952686
3.0017725351875435
3.0017507760579085
3.001847010878577
3.0027765234902444
3.001686632064298
3.0029332733151204
3.003341385237398
3.0019865969633135
3.0015173584574026
3.001282102932148
3.0035631552523236
3.00223001036962
3.0004659164874674
3.0037437098885427
3.0012325231002173
3.002953859792465
3.0023995742314966
3.0022053117214833
3.0025417698339383
3.0017236964460694
3.001304317970583
3.001537273778763
3.0018449486249987
3.0020058956604867
3.0017645032660365
3.0027316339322105
3.002045682712534
3.002188075358061
3.002522788185749
3.003495116478572
3.002957917532596
3.0018385247326913
3.0031759418881725
3.0027976346244376
3.0014491043230582
3.001216987601006
3.0029664189156424
3.0018794511718423
3.0001509129576767
3.0022134048275624
3.0024085908896896
3.001889865403047
3.0022714054997586
3.002942005543599
3.0010255141970092
3.003380631734719
3.00129266199618
3.001196617136789
3.0015563092934783
3.0016978305142534
3.001070388456081
3.0019012118797432
3.0018086339156245
3.002000039120614
3.0018838160682924
3.001602588474085
3.0008555788974234
3.0003695811228814
3.002149102995579
3.002204349625156
3.001986804874301
3.001906394121048
3.0014470730242073
3.001306414488391
3.001370195289473
