sigma=1.0 time=45.97200012207031 importance_sampling_step_length=0.5 num_mc_iterations=100000
3.2479800960208194
3.0379296182029436
3.0149308555790153
3.008852420473158
3.0047702976249697
3.0057080233795053
3.005958441917648
3.006005652295647
3.0012073725538446
3.0023651760874794
3.003881852349714
3.0040288443996324
3.0033485285584933
3.002280589745099
3.0030435913854148
3.0007412484974987
3.002786274587182
3.001019982690758
3.002709935758635
3.001021418280441
3.0001460603683094
3.0009257527168853
3.002228094748449
3.000812661725846
3.002030294368704
3.004072031445324
3.0023789926092856
3.002965459904885
3.0016349116737904
3.0007769407643576
3.0008644961050908
3.0012460719706566
3.001767899175217
3.000451769295617
3.002375917025306
3.00004560821725
3.0005185484864993
3.001374899457987
3.00157544946672
3.0008532232569225
3.001773804768623
3.001833295818976
3.00209573544316
3.0005206862761535
3.0006375841815314
3.0008897056140937
3.0012436732363685
3.0011330903176128
3.0004369155408956
3.000442841416508
3.001031225419368
3.000080033025837
3.0003978820326944
3.001451994778109
3.000780403997979
3.0019127846623848
3.000889940089859
3.001220051935074
3.0007809400153254
3.000512846259429
3.001491739596871
3.0014222860099475
3.000671533815121
3.0002148357287646
3.000936103538841
3.000632476201912
3.000664923695086
3.0003541331938615
2.999937706720851
3.0004706323236228
3.000539493086841
3.0014286182448218
3.0012449281630182
3.000861169300066
3.0006184646417964
2.9991338515890944
3.000862775405953
3.0011514654720544
3.0016890659436073
3.000900576492312
3.0008759852405746
3.001235622280711
3.0005187575192807
3.0014828785021543
3.0009448002355787
3.001114273407471
2.999817269676658
3.0008529263269246
3.00109737473654
3.001003342924388
3.0008006537879184
3.0002634889403526
3.001272414402308
3.0011895089752105
3.000896381442129
3.000972377455642
3.000519216845739
3.0011142666134587
3.001298904679636
3.000850694236846
3.000341416634428
3.000186662160707
3.0014847922322017
3.000677592838447
3.00062423367189
3.0008148051178654
3.002138422389114
3.001224780486939
3.000858233752273
3.000884396582091
3.001431495925797
3.001091140997134
3.000565500337977
3.0011263459437876
3.000054112218905
3.000862383855362
3.000559193624649
3.00066560962929
3.000825170180601
3.0007171632113177
3.0008985040080858
3.0006834157682283
3.000841665048037
3.0007198828507415
3.0012486785128782
3.001087939419257
3.0006802647894824
3.001056362907091
3.0006652616527973
3.000703812054306
3.0001768614992352
3.00021159783332
3.001063199986578
3.001025126116386
3.0009273529501375
3.0010208510343768
3.00105594887534
3.0004449836958247
3.000979486862473
3.000341316127665
3.0006391881573378
3.00065412137972
3.0004192399195895
3.0007378244838554
3.0004620321069995
3.0004265023360874
3.0009334697868004
2.9999594318383025
3.000956137244741
3.0006886981703786
3.000194429492252
3.0008811477038466
3.0006672827359924
3.0002720659925184
3.0009057977724574
3.000346216927167
3.0003769555530964
3.0010475397420913
3.000896285792255
3.000641034153508
3.0009958190427137
2.9998965889627995
3.0010959507437365
2.999665317072835
3.001173310630099
3.0001350400650986
3.0003480046911335
3.000269061837459
3.0013147546324364
3.000362090955998
3.0007153259059245
3.0007054608074872
3.0009112801920543
3.000823908096468
3.0007532634056133
3.0007002716936766
3.0002097317082517
3.0006499291176745
3.000178196627968
3.000217933602028
3.00103784024628
3.0008024726098275
3.0002442394479734
3.001362232766846
2.9999833511664655
3.0001887201245814
3.0018034279828463
3.001385538789991
3.0007133593079445
3.000550811567342
3.0008706461194476
2.9998340411038242
2.9998333079061195
3.000162052900052
3.0015458781388284
3.001329336219799
3.0011711409942183
3.0007870206402045
3.0004784313113824
3.000011717781894
