sigma=1.0 time=3.307000160217285 importance_sampling_step_length=0.5 num_mc_iterations=20000
1.2772035991690316
1.1645898592180348
1.0366822375655624
1.0072650495112923
1.0025328420379547
1.0030324338907781
1.0046642691778633
1.002401619789724
1.0019326601009837
1.0023317403816228
1.0026547702755422
1.0022949859787822
1.0016535596567326
1.0024304200686007
1.0010571988213695
1.0009779157534917
1.0002333773209653
1.0010312072738505
1.0010039005717415
1.0009215775762437
1.000934943928312
1.0012321905459436
1.0018631692597497
1.0015575254959717
1.0008064289161933
1.0006239292007757
1.0003926194153248
1.0014580903438695
1.0004424877346776
0.999690661878912
1.0001509768310681
0.9999417997407796
1.0012685679533546
1.0001599689296234
1.0009501702636
1.0015953571208482
1.0008989168579492
1.0000599488954292
1.00013504307053
1.000588854384921
1.0006919684176656
1.0003823119597386
1.0005090770178995
1.0002433607403054
0.9998952544300571
0.9996894948223098
1.0005483116362546
1.0004684607536234
1.0005616461274962
1.0006119243509033
0.9998086738419794
0.9999859284672368
1.0002828750075463
1.0002568931028353
1.0002797910984789
1.0006366801213904
0.9999291110428191
1.0004011801943862
1.0002335534917652
1.0005246035684163
1.0001417321770536
0.9999740691372901
0.9998308420866826
0.9999944478638323
1.000492680816276
1.000315927643185
1.000317719998593
1.001038064891029
1.0000107402725074
1.0002676944628073
1.0002355408783483
0.9999162049199548
1.0003522939313279
1.0004374584494233
1.0002925105764968
1.0002198550382038
1.0003545684716324
1.000047409143885
0.9994631655077462
1.0004744371038525
1.0006342589536286
1.0004131520141288
1.0001690647769403
1.00027370222881
1.000043195719546
1.000306415750393
1.000619903483091
1.0002155201358602
1.0002386985036622
1.0004058606204735
0.9999954080237996
0.9994702185271507
1.0005916065937774
1.0007109383737691
0.9997705641606756
1.0007493513833456
0.9998327931488648
1.0006032167342804
1.0001957430104191
1.0002900958999295
