sigma=1.0 time=38.950000047683716 importance_sampling_step_length=0.5 num_mc_iterations=100000
1.0799126020422831
1.0816858078421352
1.0761761000403278
1.0706313274466484
1.0692497196129267
1.069552611268055
1.0679302792633396
1.0647540475640909
1.0657120373091882
1.0641326992202351
1.0608005758518295
1.0572738022817374
1.0619123431566788
1.0570624165026368
1.0526939968073972
1.0538094494113626
1.05359307758674
1.049873558083293
1.0464004924473853
1.0465130871301571
1.0462988306722063
1.0435770921560812
1.043261582046028
1.0490031316178372
1.045735190303721
1.039522178724094
1.039678635254781
1.0384277115911233
1.0420974591145855
1.037791684242823
1.0376126529162857
1.033926905868404
1.0330337057972714
1.0350947694753652
1.036050328436902
1.033892330752048
1.0332184404694043
1.028930940910554
1.0302241959910285
1.0278693333487943
1.0292687713647746
1.027968468463845
1.0295954556733482
1.0262692468551164
1.025265756418399
1.026336713465184
1.0240434830342653
1.024504913669371
1.0223973214657136
1.024554780367528
1.0229877469591881
1.0198285562438507
1.0213667783833418
1.0229001106669589
1.0209703601404927
1.0192049271337358
1.0210136654882362
1.0163613629583073
1.0183964310615785
1.0199087970778742
1.0200250422252075
1.017628941407151
1.0191156703044475
1.016057866959382
1.0174112266868747
1.0153411264187218
1.016183135416629
1.0145143040626177
1.0140334657158778
1.0143467695181723
1.0144396230112114
1.0156514574811522
1.0147398515901886
1.0151338489685542
1.0122026062520424
1.0137844688394415
1.013473676428708
1.013086890763886
1.012870816042698
1.013318975698285
1.0105963663075563
1.0111267060769624
1.0107521581636525
1.0101492157759453
1.0105834661120716
1.0122136828856927
1.008999727386477
1.0109693036147687
1.0118624432795598
1.0102398076668495
1.0090880364045267
1.0096224354599723
1.011357321581962
1.0103115462384282
1.0097036798587633
1.0098054415131774
1.0077225477332692
1.008540529696047
1.0073797045637756
1.0078964101108316
1.0079130197558759
1.0075117327777992
1.0098050142651627
1.0086512098078442
1.0091789354940912
1.007925535603831
1.0085708953834411
1.0074452762552504
1.0078709131293468
1.0083102601703096
1.0064874809419773
1.0079479003187073
1.0069355834126363
1.0060341216982622
1.0065520857433035
1.007493112462513
1.006964905698064
1.0072175686420084
1.008015162207209
1.0070415536745312
1.0076857526345595
1.006645147749919
1.005610473549357
1.0071849019456054
1.0070110201489908
1.0059765345378293
1.004963958442082
1.0072325652846976
1.0051586977460276
1.00533798012645
1.0050228483024128
1.00436260020847
1.0052771932530098
1.006529943265034
1.006318657648837
1.0062689496368424
1.0063278442469454
1.0050138098211019
1.0057024830567547
1.0068727685559868
1.0049455955856204
1.004538538794057
1.0049649725744194
1.0054140188278642
1.0055863440007613
1.0060064478457393
1.0052203900488377
1.005256119278704
1.005157767089078
1.0045225417361248
1.0037798285141757
1.0052143214801164
1.0052142775932842
1.0049270711645006
1.0041638695067725
1.0034352564324784
1.0042041015175778
1.00398003035702
1.0039060269084046
1.006105225454309
1.0055488959975445
1.004605593507025
1.004539134018028
1.0041376643516529
1.0042969070817405
1.0041678978760256
1.0040217880075855
1.0028538618823428
1.0042616958116304
1.0035854825763466
1.0040357664697932
1.004198289589955
1.0035474719121702
1.0042238278680506
1.0038384281870374
1.0035509653306625
1.0051163075697522
1.003452438413273
1.0049345900335682
1.0042415428480411
1.004079871670778
1.004623247003119
1.0046553963599845
1.0036384360045956
1.0036292747809932
1.002777287613233
1.002921941775598
1.0031651958439431
1.0040683653114282
1.003115560766971
1.0027003335407236
1.0037882114926309
1.0035856443856888
1.0041988500228463
1.0039877306857146
1.0034639282397375
1.002925758797805
1.0038506383501864
1.0042817751831832
1.0040731619190841
