sigma=1.0 time=36.811999797821045 importance_sampling_step_length=0.5 num_mc_iterations=100000
1.2837657397831226
1.2122950083661723
1.1482020309370808
1.1170838556755072
1.0911075008853321
1.0674783173033142
1.0555147615302922
1.0448826484986138
1.0340228909132614
1.0299432535895687
1.0210025753104632
1.018731815386689
1.014744691383653
1.0118875546257289
1.0095088058294965
1.0083925681325006
1.0076653305643333
1.005511784562479
1.0039501467725407
1.0039728711683706
1.0036192616413857
1.0027671598082117
1.0026164517854672
1.0028519558106632
1.0021040745822107
1.0014924810193542
1.0006465912790337
1.0013603124868187
1.0011456400934757
1.0009752889056083
1.0009170134577248
1.001017065104336
1.0010000577081453
1.0008929331997103
1.0010020018135273
1.001040571012053
1.0007937446379995
1.000868662019951
1.0004469659037816
1.0006099424119268
1.0007619087998272
1.0011802275765327
1.0009487917262085
1.0007831204458753
1.0006640219860854
1.000878973671896
1.0007883179561148
1.0011233348467181
1.0003129612450272
1.000831712530486
1.000595188379993
1.0006775471292482
1.0003960835605943
1.0006310580507929
1.0002881340711298
1.000373872829156
1.000822687599413
1.0006900120419915
1.00066587757176
1.0006636788239505
1.0007506690101342
1.0007446071927062
1.00083176247855
1.0003070363354156
1.001106233211492
1.0005869189632959
1.0007164241178417
1.0005085256334205
1.0007745402446115
1.000642951803947
1.0008688372513472
1.0008431217917195
1.000515811267531
1.0007594366855486
1.0005573791447653
1.0008509458400343
1.000801118233506
1.0006180510387717
1.000665009942015
1.0006713700898395
1.0005831912702206
1.0002222181889844
1.0008334218754917
1.0006176210226438
1.0003172765927653
1.0004405910865928
1.0006899846772888
1.0007443735438206
1.0005587973155476
1.0002446597995933
0.9999708748726714
1.00045236890101
1.0007118888364148
1.0007036460574803
1.0005663741291737
1.0009835914283627
1.0001607013883649
1.000217161271914
1.0003227200811302
1.0004281903670083
1.0004855095251648
1.0003590647822278
1.0005167592260091
1.0005178878889738
1.0006679983688398
1.000446458109526
1.0005823468969113
1.0004792146325194
1.0007582062325657
1.0003458108919072
1.000304375320661
1.0007812310633386
1.0005175597270624
1.0005752824427812
1.0004796700442555
1.0006549958236128
1.0006258660881784
1.0005211061112818
1.0010568575904415
1.00053829198011
1.000577429855088
1.0005806716716694
1.0007329774867377
1.0003006539351469
1.0005726785467342
0.9999951323892944
1.0003712349254401
1.0004860322209856
1.000411898887475
1.0000829420382784
1.000442944709822
1.000388324796707
1.00042633037147
1.0005663252993027
1.0005797264093723
1.0007174169421913
1.000564341820579
1.0003667066336146
1.0008115718032007
1.0008221495779521
1.000362428998042
1.000816620496166
1.0006461404237406
1.000692404769078
1.000515054608326
1.0004518776909828
1.0006300910698023
1.0006586850890047
1.0002073575484158
1.0006775741060285
1.000105693064234
1.0005087345461974
1.0003724363039428
1.000394767367644
1.0003908943378874
1.00047810926957
1.000522257239411
1.0001581836626587
1.0000548383643317
1.000757172317531
1.0004521140345757
1.0005101629631215
1.0003038060795237
1.0000938827170867
1.000438793891254
1.0003805936500207
1.0002400335017487
1.0003393901416753
1.0006652291523062
1.0004506277874536
1.0004791531515733
1.0001696976646886
1.0001964484147856
1.0006624432923072
1.0004680732072315
1.000303194982863
1.000616930731061
1.0002536029168319
1.0005263084201872
1.0003222301123593
1.0005256651751442
1.00077974313706
1.0006164006989753
1.0002470285401421
1.0002292477059789
1.000082185958607
0.9997797923091539
1.00036839172032
1.0004248751917428
1.0001905399127158
1.0004519908365568
1.0005629810536103
1.0002037052622126
1.000775209217217
1.0002299228010918
1.0004729970978425
1.0003089430973626
1.000307435361892
1.000334456214934
1.0006794149231517
