sigma=1.0 time=2.700000047683716 importance_sampling_step_length=0.5 num_mc_iterations=20000
1.0371532540542163
1.038963630614353
1.0279107503968035
1.0267578488402789
1.03427840032556
1.0276140052870786
1.0296181053636837
1.0348658033504474
1.035593139922171
1.0402886612524536
1.0257673302164705
1.0313707530382006
1.0268253271816308
1.025545778046542
1.0229020578069281
1.0314024313693568
1.0289552506495587
1.0271786467029254
1.0276942004065834
1.0306813988988215
1.0228508917758963
1.0285807678584558
1.0270421641933012
1.0225924134464035
1.0245485144336248
1.023127531683047
1.0295154269258613
1.0279232378638261
1.0209967262084725
1.0228852118681746
1.0233412133326063
1.0255814208756324
1.0270410149532572
1.0228790013483762
1.0216383030192429
1.0213738653069662
1.021004540796834
1.0234703815135147
1.0160957940730226
1.0230728571931431
1.018324917048257
1.0203963459551073
1.0212124274512233
1.0218623946817433
1.026193712792305
1.0204241410613866
1.0153808433661324
1.018159090541603
1.0229192806198077
1.0144813928520962
1.0223363489496964
1.0172973764464694
1.0203545408785373
1.0207679881735157
1.0172111155059214
1.02075429468326
1.0177652042506395
1.0192225402670285
1.0170174438066828
1.0160313214779115
1.0194216900138504
1.0223587152421048
1.0153153021650272
1.0131600930177063
1.0158751264895387
1.0166916413234324
1.0147415273163127
1.01873146918753
1.016755037583942
1.017110734086881
1.0148925389977352
1.0136758231909637
1.0181598713913738
1.0130245847378243
1.0175588334304337
1.0137472389322457
1.0161176738966309
1.0143915623580944
1.0157615987381956
1.0102762960262615
1.011018475452411
1.0133004824480845
1.0130340327177962
1.0130486725954135
1.0185203385293586
1.0156184987590064
1.0168274519006943
1.0140306461730921
1.0090233404229398
1.0122690035338067
1.0111985156527383
1.013610137556959
1.01209531839507
1.0108908528205167
1.0141960062027595
1.0178840673724754
1.0110737615198682
1.0130605068771803
1.0080647137768421
1.011142070331243
