sigma=1.0 time=3.4650001525878906 importance_sampling_step_length=0.5 num_mc_iterations=20000
1.2361207161563177
1.191936661892072
1.145977382194361
1.1123513479113656
1.1005277388485522
1.077785847418415
1.0561153038073365
1.0452746625759053
1.039595060155029
1.0279271060238586
1.0265280430342623
1.0176118533729337
1.0167950189493324
1.0118341394582888
1.0107888823151159
1.0051530533013233
1.0046311825630392
1.0068295805053835
1.003677228963618
1.0036251864517598
1.0029762407132516
1.0025576224334452
1.0037496455236317
1.0047194433763658
1.0022582551876251
1.0018286114378983
1.0057200945154412
1.0033537377395538
1.002270323816436
1.0026301081442983
1.0020225164205638
1.0006351118008234
1.0016519720253254
1.0030576503819817
1.0029366590546411
1.0031704818265537
1.0010870669935832
1.003188828042195
1.0013814195044224
1.001976546787582
1.0037416194912745
1.0010069730841413
1.0037251281772084
1.0022687645551314
1.0030205735240794
1.0012840716317475
1.0018924801246156
1.0023794270341801
1.0028041437342792
1.0007986333852272
1.0013176543417097
1.002240063467416
1.000209422710637
1.002769873088613
1.0014159979782074
1.0037670046083864
0.9991705158477652
1.0027246656373665
1.003000923592831
1.0035279738776248
1.001472751395762
1.0041578674922922
1.0023684717020247
1.0004284149077436
1.0032521584784846
1.0008905634729657
1.0029398369106293
1.0025655587966873
1.0003939918347384
1.0032581461842875
1.0022950996496816
1.000869995252055
1.002614712098936
1.0030571795053018
1.0013053514932166
1.000315366047682
1.0022205007383784
1.000492962332641
1.0007589882375738
1.00167409604243
1.0017710897405039
1.001430483288436
1.0022165911925203
1.0017308498915833
1.0033346495230093
1.0020593049462019
1.0039496049015368
1.0015183135392447
1.0033303228971913
1.0016430322892986
1.0030285467493356
1.002629111876527
1.000189816121859
1.001480132618176
1.0016995486140956
1.001951837937757
1.0011663151473191
1.0005911882155138
1.0014864722151269
1.0006140285165606
