sigma=1.0 time=38.812999963760376 importance_sampling_step_length=0.5 num_mc_iterations=100000
1.0799126020422831
1.0627092837091263
1.0448384445535854
1.0318138088652828
1.025330782755807
1.020076298357808
1.0159319103385074
1.013319211961126
1.011499194034909
1.0098691347884803
1.0077070425686887
1.006302807816833
1.006620039852988
1.0053444038457466
1.0040165355258066
1.0041659709715578
1.0044278938850384
1.0041398265995554
1.0038381114878927
1.003729493576187
1.0029286533770652
1.0028507509722542
1.0031835645859166
1.0047140479294279
1.002710195927644
1.0029873554022048
1.003032251137739
1.0031642603048505
1.0027251684490681
1.0030181361149297
1.0034353911952703
1.0028557420433406
1.0024709623771955
1.0032108833249211
1.0033983725987756
1.0035498881065266
1.0031672965003793
1.0020833975547265
1.002843593386261
1.0023856224226764
1.002211607617292
1.0029844980651317
1.0028808557464686
1.0033423130740975
1.0023892718389813
1.0028684487939763
1.0027372248724706
1.0023227014379714
1.0021101793349063
1.0027543410849438
1.0027766970950778
1.0022657955805094
1.0015512860706854
1.002612748733723
1.001534615232986
1.0021121804706203
1.0026151186608023
1.0021942367180965
1.0028015439143156
1.0030788687228889
1.0026529938486612
1.0025976264738943
1.0024442507334637
1.0009915751501728
1.0029433615246472
1.0019278097405122
1.0025314587220293
1.0019356319927417
1.0018227067563228
1.001772639450527
1.0023681068634531
1.0022161007235095
1.0014609900371976
1.0021154448483003
1.0016886466116468
1.001788523654431
1.0021708068413506
1.0016412057904904
1.0020777816325352
1.0021545650196955
1.0015122613668588
1.0017575545113313
1.001707562631435
1.0014894872425495
1.0016844315702291
1.001978861869113
1.0014776568716495
1.0020054001858039
1.0022320702439418
1.0014884768248877
1.00100582734725
1.0012271592916613
1.0021003125295938
1.0021458601506015
1.0017484832034287
1.0021831537522994
1.0010356920992716
1.0018778955485317
1.001271334020834
1.0014548593282029
1.0010823214327076
1.0014406620979883
1.0024029449700158
1.0018530587163954
1.002132482706204
1.00126075263983
1.0016075583258743
1.0013623580204283
1.0017305775280105
1.0012996578615216
1.00137671425511
1.0022133518375964
1.0017235556416753
1.0008781589738556
1.00122229353208
1.0019633835928743
1.0011372525993028
1.0012304117693973
1.001977105851828
1.0016055521644347
1.0017320733279902
1.0018666033820953
1.0010270072284766
1.0017880194201363
1.0015586059534527
1.0010284559105473
1.0010186106853718
1.0019660155518575
1.0009892470269046
1.0008917022926436
1.0007708619067344
1.0010882345889924
1.000971939800475
1.001771391543734
1.0014761312656915
1.0013676838021295
1.0016486850561035
1.0009103614332269
1.0015902835804742
1.001919715856611
1.0009694809103573
1.0011880401132283
1.0015011829663791
1.0013424528575496
1.0012983776431317
1.0013776172911955
1.0013474064157426
1.001486702901507
1.0011382903708113
1.0011010600237036
1.0005167569018094
1.0011520253285513
1.0013964723729483
1.0013676240363847
1.0007304319729033
1.0008068788262523
1.0009411322308734
1.0008573642831515
1.0004905060293403
1.0019253624550986
1.0013656182255148
1.0011351156165373
1.000952589821127
1.0008793390517725
1.0011686005896403
1.0008253576320445
1.0007694354296388
1.0004897221131288
1.0010233891739442
1.0008479906114522
1.000959729010867
1.0009828452932115
1.0005290278645846
1.0011724969603586
1.0008364483274685
1.0006756639482564
1.0011968998864944
1.0005255852357218
1.0013178922818997
1.0009641974099457
1.000912644076622
1.0014181104664357
1.001426667267089
1.000919522488133
1.0008884577799628
1.0003270825787254
1.0003190551756376
1.0006675753925212
1.001174806971966
1.0005968463439563
1.0004789713216915
1.0010114429321673
1.0007774463194161
1.0011582803062353
1.0009487811806321
1.0007435737573338
1.0005489068256412
1.000899501661387
1.0009857142250043
1.0009601025734403
