sigma=1.0 time=3.126999855041504 importance_sampling_step_length=0.5 num_mc_iterations=20000
1.1752652395384862
1.1761320890551925
1.165138807063513
1.16260110621215
1.167699642261983
1.1681155791578017
1.1493748095024356
1.156853154754554
1.157443118375158
1.1611640637594896
1.1522356864711891
1.1540649336180502
1.1481718976200246
1.1302154185832196
1.1335903486510837
1.1444880487037787
1.133639349848082
1.1245318956382024
1.1357224899302019
1.1336819469936108
1.1156663745856756
1.132070610244591
1.1214284067580793
1.1136618676479697
1.1352523629719478
1.121502993967859
1.115040903002634
1.1143219119093142
1.1155920062513598
1.1131502560958744
1.1123517972557968
1.1023308672528775
1.0975947432434052
1.1154425345845091
1.1116698631914643
1.1070025945611002
1.1107508928366994
1.1172554111962865
1.1210566688390624
1.1053565458843357
1.1023939574169441
1.0906408031352168
1.0935372749588517
1.0987792623851347
1.0847534667200918
1.0961993831386712
1.0946368845805539
1.0899248042066172
1.0920068013405113
1.0903260292079173
1.0938637196433274
1.0894807400027853
1.0810765540882479
1.0811857101792097
1.0759220580637965
1.0797497059201997
1.0723099298527947
1.077595100518686
1.0863495046090565
1.0780723096890208
1.077855849964201
1.0661804037140485
1.0839461592563822
1.0704546379461541
1.0645545932547502
1.073180105278028
1.0744878620361231
1.0679298712517051
1.073696196038998
1.0675417984854771
1.0633192981910637
1.0699387003784868
1.0722055678410352
1.0579782769169235
1.06823946183501
1.0643413430363735
1.0711970121165102
1.0507077155566293
1.052874133255975
1.062126894714406
1.0541840429141054
1.051360190159835
1.0531465284456514
1.0605012485362137
1.0654268838988292
1.0560789862703934
1.0559468531632383
1.0580140998062162
1.0455553006185327
1.0564270246989147
1.0561747182394718
1.0558316611447767
1.0515505120660578
1.0478117968774883
1.0461089912877166
1.051086876764038
1.045884410256156
1.04747490778646
1.0358055015234697
1.0437342305479127
