sigma=1.0 time=51.937999963760376 importance_sampling_step_length=0.5 num_mc_iterations=100000
3.504794665331701
3.4900094968511697
3.478637921724116
3.4367980618027416
3.4264352267156277
3.424900483733146
3.397355340246744
3.394089349004072
3.379764675162795
3.3626109188257916
3.3268041679206584
3.3150424384783315
3.3162376813610646
3.3059891811198168
3.297985342281299
3.2810137870532925
3.2803129775572666
3.2574450352663344
3.2606273042221154
3.253249514376205
3.242801455185725
3.2267793277744987
3.2244103315376273
3.227813833812277
3.2208879146916893
3.194337933076763
3.211620060379519
3.1973560466588085
3.176204588604258
3.1702354021254293
3.177644694094366
3.1737237651027455
3.169173361036864
3.164097327808356
3.158330205101195
3.1638706173760416
3.142764445919456
3.144275123926657
3.150287170125958
3.134132293133524
3.1294606547350607
3.1325887980083262
3.1269703251963086
3.1190053286066277
3.124529212137972
3.1235003100488243
3.1093519362985518
3.115112018955345
3.114146424389952
3.0982301498500067
3.097913526846579
3.102022167896966
3.097852301235927
3.0973707117998392
3.0913572230446444
3.0950548463098224
3.084900233461996
3.090775954902992
3.079857877335059
3.0881008421022234
3.0802951655974202
3.0774168487006586
3.0644521629902353
3.078634468607104
3.0639116599743197
3.068827625677191
3.082061699940979
3.071744918644149
3.0712970083637887
3.0664636313602336
3.0708251418265218
3.0626197466638523
3.0664198566312133
3.0552339860228526
3.058385062602134
3.061589969982981
3.0544448852915203
3.0607189965459622
3.0572008378051443
3.0584868454809144
3.05116157992779
3.044469511733921
3.0523338713869803
3.04954946929933
3.0537539521962276
3.0490200571525428
3.0517728424552186
3.0444158832151857
3.044690128395992
3.039951098473429
3.0391313953504167
3.0425578635290647
3.039438079639244
3.038276628528287
3.0370397112404093
3.044243521883448
3.0369714949120477
3.0338064058787624
3.0293764437923585
3.0367827249338095
3.032753016906003
3.0368340001114262
3.035158488014042
3.0346902340265367
3.030086801921902
3.0289778675444254
3.031244612926646
3.0270919584756912
3.0310047935046365
3.0279475581479343
3.029149228502519
3.0264587684904574
3.0255091885099787
3.0300943359477337
3.0233998337584884
3.024596541355364
3.0273198526417673
3.024336643640122
3.0275173117350276
3.020411046574456
3.0267386864285375
3.0243772967918234
3.0201211980157003
3.02744004425995
3.023588251533176
3.0237987425984576
3.023806272317277
3.02128193069702
3.0166617302458794
3.0222751137811406
3.021651107052093
3.0206773466042183
3.0218910159724874
3.020472109674467
3.0193366159722546
3.0223394574973654
3.0155877245681495
3.019745931565788
3.016927423715552
3.0185898807325375
3.020778414670303
3.016680260338314
3.0209575627834453
3.016437410510962
3.015115444404646
3.016089712904007
3.020627368787819
3.019896007690299
3.0159681809513073
3.016063721387019
3.021228766597202
3.018995288109461
3.015306970327161
3.0163585647347877
3.017824346726916
3.0193206158953467
3.0162387440336778
3.0157080539529724
3.017432227547739
3.016205244728246
3.019544859206802
3.0134623111639502
3.0178387864164136
3.011987914552776
3.0188485816441237
3.0147028622264966
3.0192467380723294
3.011416670847623
3.0188107989984667
3.012616555994014
3.0117462655038767
3.0155693359757287
3.0165475745673946
3.0143379762567566
3.014887609055957
3.014974468838827
3.0117621126473932
3.013052475613307
3.016287074871426
3.013627245000246
3.0125750834956597
3.011410911182283
3.014785557676527
3.0113567113502087
3.011490703672445
3.012714227329626
3.0177778882663184
3.0112246851830795
3.012228138842328
3.0187245150170523
3.0153381739395484
3.01805855780357
3.0136936606369007
3.0096222268557327
3.013609545613562
3.0148979620257075
3.01640717681504
3.014458563596852
3.0100320210636573
3.0125553426269978
