sigma=1.0 time=33.258999824523926 importance_sampling_step_length=0.5 num_mc_iterations=100000
1.1583150142366327
1.153432868805302
1.1559575094100984
1.1458010434277195
1.1417255173231682
1.1483365766796496
1.1441600207773719
1.1368281029623974
1.1418524786946906
1.1343674448254655
1.1371021594932502
1.1287281118229737
1.1355128997673223
1.129747483388088
1.1252179178250021
1.1239013437390866
1.120929316967237
1.119258766743986
1.1196015030260962
1.1157920102895584
1.1123914431687298
1.1125799564821883
1.1123543105658171
1.1105649160703537
1.1106737649693341
1.1067027867962538
1.1079612453935705
1.1009668525689598
1.1058070533709485
1.103183820818321
1.1021208163617975
1.1035243259923
1.0992057560025266
1.0968519814121709
1.1011934183371306
1.090964510126921
1.097439320588642
1.0894231656412237
1.0898860406738615
1.0932404422766575
1.0878306047842743
1.086109690813369
1.0867934235192236
1.0848625938785128
1.0862752747858597
1.0852146298906082
1.0762986614057972
1.0789857745477582
1.0802375007418246
1.079631751862597
1.0781767882623035
1.079872978469802
1.0780526851599188
1.0787433040303391
1.0742589627183885
1.0715753235901335
1.0712660362832889
1.067808848225381
1.0720452446103073
1.0670970510454807
1.0670718603337144
1.068334477035479
1.0649905741491406
1.0661817836545189
1.0630467293940198
1.0638226700164375
1.0609724854791318
1.063146072640801
1.0601901024096565
1.058427542942029
1.0584820322222745
1.0610983197556414
1.0614316679175047
1.0588852224156313
1.0534812679195895
1.0584333988695989
1.055276827966988
1.0553373416319327
1.0544141306610277
1.054078269034137
1.0488050006328284
1.0524457544595798
1.0521739093985816
1.0485767283477931
1.0513824251308632
1.0520240872546631
1.048084376154542
1.046026872963511
1.0485925586444123
1.0468929066900918
1.0416187078208987
1.046399097989713
1.0440054383821935
1.0435587502204338
1.0407725346863195
1.0442128346284874
1.0451442897702317
1.0433830584186599
1.0405164226879098
1.043332364160724
1.0408337577291824
1.0425959631812307
1.038735185415697
1.0354413922900358
1.037681785587322
1.0396325893656497
1.0398850393579484
1.0355862232534518
1.0367315294725867
1.0365208898657623
1.0320165367314411
1.0323938731525348
1.035914755724304
1.0343598186428253
1.0356597436605608
1.0320241215861339
1.032395629695093
1.0358769472901876
1.0343716214699528
1.0303541030879184
1.0347809984396692
1.0320225614974525
1.0310608653123037
1.0303738937757843
1.0335678361029934
1.0279144900257815
1.0266373276185885
1.0275556203845055
1.029315566585172
1.02697866310052
1.026800143087503
1.0263360136837558
1.027681486847106
1.0254083924306443
1.0305447161029764
1.0273547865690562
1.0279474878092187
1.0242788938083636
1.024003742324936
1.025859979152996
1.0256879868036666
1.0230711603935345
1.02302605820489
1.021779908062122
1.0232274139900122
1.023972433347643
1.0229146123763553
1.0223754915029122
1.021515281822029
1.0210163397480365
1.020222427024333
1.0220573881462283
1.0219535015715473
1.0183670798269833
1.0193845171424551
1.0195423407505326
1.0178892178577914
1.0189840986608392
1.0197329116339968
1.0173592976238497
1.0180605384064818
1.0204546862659254
1.0186580910400311
1.0181394027344004
1.0164282174179735
1.0184176252210588
1.0182917032144176
1.0175827547863248
1.015213911133417
1.0146018336776812
1.017406925735266
1.0175990071900842
1.0158494319360274
1.0150412734337702
1.0159060146512475
1.016218623578548
1.0166308454822803
1.0158391757817453
1.0145356902817726
1.0139772641810303
1.015322630834032
1.0122634293139412
1.013092196600494
1.0133516489075918
1.0149236454779313
1.0148249848659117
1.0144675013274533
1.015096211476205
1.0146897552575784
1.0131217105375097
1.0125579532667468
1.0119972878077181
1.0115532515036176
1.0133000291345673
1.0117708551674147
1.0131080386315043
1.0135723080795684
1.0127289210945887
1.0124452297781048
1.0138476922121855
