sigma=1.0 time=2.922999858856201 importance_sampling_step_length=0.5 num_mc_iterations=20000
1.062278502257605
1.0053234007408887
1.0032177035229957
1.003280166822676
1.0039512709245138
1.0022845889326115
1.0014754395715268
1.0033726056714511
1.0032147696492615
1.001538070649136
1.002196455096361
1.0025174347124712
1.0013341671138365
1.0017671814886049
1.0012445505619856
1.0015208955520798
1.0018287798726244
1.0014809537665408
1.0028781490870657
1.0019495591615866
1.0016495358265065
1.0031954756931472
1.001673635177142
1.0029862740340338
1.0025864788336176
1.0022518415221595
1.0001805355206916
1.0001124829596069
1.0015720898311276
1.0022739857055118
1.0007094002234092
1.000908857905408
1.0004964427336023
1.0015212378297098
1.0000677545454228
1.0006579811036729
1.0010324767297645
0.9998883399022269
1.0014289552962725
1.0018728854670214
1.001352484153577
1.0011725048370086
1.0020471411287635
1.0020969549341237
1.001569093959893
1.0014923561976388
1.0008190152324854
1.0008970178024936
1.0005596795854215
1.0004299412340298
1.000391050359505
1.0008194995308368
0.9998096666002959
1.0006712988841535
0.9994514494122807
1.0011755324165208
1.0010298010237708
1.0003174545173998
1.0017114119002926
1.001133475047951
1.0002785372624836
1.0010408362134584
1.002786100988797
1.0008933617497027
1.001317650290218
1.0014530546491371
1.001996427427851
1.0020717401029122
0.9997287928996466
1.0015852635523206
1.0007051361601962
1.0032485710806756
1.0015854846542027
1.0010106721266885
1.003298088338137
1.0013131826824722
1.001145090273619
1.0018727527320788
1.00074149993267
1.0023108906989233
1.0009315559803655
1.001095736557854
1.002188532198428
1.0007544440078444
1.0005248952183647
0.999968259996583
1.0005552867438425
1.0007294250564713
1.0007166303406363
1.00223605279896
1.0011190760636568
1.0001486380402473
1.000896465126847
1.0016736145246605
1.0018710235557164
1.0004924016367014
1.0017194749746552
1.001680446402381
1.0009820514337744
1.0008338882718688
