sigma=1.0 time=46.38199996948242 importance_sampling_step_length=0.5 num_mc_iterations=100000
3.2479800960208194
3.2385676796122973
3.2414751136816253
3.2269515307692767
3.2214578963398726
3.210596141524764
3.217521163730222
3.2069105799715603
3.187814615296219
3.1979035437762295
3.1833585787967276
3.1764831219127387
3.178531101489808
3.175670432550691
3.1741513650766944
3.1665040198549317
3.1626001663939136
3.1441146310109342
3.1640059338352184
3.1560453684618035
3.133499763701292
3.1324269067005175
3.128586852258679
3.1367761826761518
3.128957137773882
3.1459776550419027
3.1195410169711253
3.1379005861507108
3.1059730323232904
3.1157249107046665
3.1184975274979783
3.112782623367106
3.106246185131875
3.1015908141206925
3.109186526026822
3.0968743227330418
3.1001088495371585
3.1022292105139453
3.092999403540991
3.0949063209141014
3.097821678502992
3.093112018982402
3.094043051121188
3.083456292424412
3.084453062144958
3.077219105560846
3.0874971585854856
3.0866064075396715
3.0768430716814144
3.0773749827041033
3.072515244213536
3.0679086164534275
3.0671898583221275
3.0764758658697673
3.0734976840587716
3.0675211884242217
3.0710723700319056
3.0630359939494314
3.071502835971298
3.058854736543587
3.064380524630634
3.067782963113313
3.063980788382859
3.059095806430566
3.061170209984502
3.042833716430879
3.0564525952186927
3.0494951057909776
3.0527694395097207
3.0544969005883673
3.0483733318053923
3.056788236768972
3.0527649584864998
3.051719667876075
3.0460088961753904
3.046271259042625
3.04886706528903
3.0488846776727967
3.0453959390927716
3.0486219306798237
3.0451920191486637
3.0466142729670125
3.044381420507894
3.0442553706209403
3.035263282380461
3.0391643272657194
3.0344851829094037
3.040605931480783
3.037325542812895
3.0388414898424627
3.0382636898183706
3.036786248356871
3.0382621182774665
3.042422690982376
3.036491644145574
3.0368196893828348
3.0335849074208774
3.032104328586209
3.036646848737206
3.0351433214679346
3.031474976183794
3.03206822502109
3.030622840184703
3.03587568449278
3.030896996023114
3.02766014946842
3.032457885714231
3.028889781504619
3.0298075671777323
3.027376051522866
3.029322357486732
3.027494134821498
3.0315000123672906
3.028249993830128
3.0249577555514224
3.0277497736771894
3.0311035967952695
3.0274478421480473
3.0203754922307735
3.025597939327816
3.023923705392199
3.020647143309173
3.0252594051292743
3.0284395049052577
3.028650124652264
3.0242906592751813
3.019566193301368
3.0216099317286655
3.023240978443027
3.0220033731449103
3.0187071931696075
3.0214938421567945
3.025743141179395
3.022566438650465
3.020593717788932
3.0237927675079392
3.022767494882998
3.022335909382417
3.0205178106281965
3.022144420693534
3.020909810954502
3.021760668488383
3.021180763345821
3.0190236501454963
3.0166713367248685
3.013326076975954
3.020483739982912
3.017785903962527
3.0178041136543636
3.0177479716628053
3.0171066584761372
3.0191128357005654
3.0190523571929138
3.0148780865337557
3.019339950701614
3.0191299793040844
3.012721099869033
3.019336552791709
3.0173872152193786
3.017628653868323
3.01615109982724
3.017038474768906
3.0190579708211223
3.0130763507345795
3.0168888420257116
3.010780938352677
3.01560050668504
3.012379944293353
3.0145164719919397
3.0163381546160246
3.0149965250221773
3.0166397869669535
3.0155020573777853
3.015110212861266
3.0155438640731016
3.0157295234529626
3.014661111553614
3.0162715159790223
3.0101228068281043
3.0122491149480286
3.014760049948735
3.014332292405618
3.0124531903208345
3.015981860122238
3.010134487717102
3.0115679409335265
3.0172020370392905
3.014347569311778
3.0135877523032133
3.013160460061332
3.0137486061064496
3.010564641132117
3.0092678526097205
3.013481143472096
3.0157529620908616
3.0119862867775393
3.0131355203491896
3.012565585249616
3.012453889347272
3.0092444409484975
