sigma=1.0 time=39.69199991226196 importance_sampling_step_length=0.5 num_mc_iterations=100000
3.6141881571465837
3.59697757146095
3.564733220115527
3.556801990552698
3.5334473335075627
3.53355854395088
3.4870270225006874
3.478570545958077
3.4921055166187465
3.4747536354680637
3.4609508273011675
3.44493137732158
3.433425451494408
3.4272018553681556
3.4166765756978688
3.4019077704489553
3.3865383592874383
3.3935312321553077
3.3659959865377083
3.3652059991144796
3.3721590855430716
3.3556613968926765
3.3553372139604702
3.3434006948290342
3.3371418783126012
3.3269287201960864
3.326309147411917
3.31186743991822
3.3265737624135294
3.3048968348712084
3.281999104481283
3.291629504610933
3.281163868320692
3.275735441647374
3.272515985208426
3.2721163807255222
3.2620037903002572
3.2593787987705056
3.248058532526311
3.2478514054267555
3.2456262552576987
3.2380223844641884
3.238366330578246
3.238175070936169
3.2254987766670276
3.221936871846122
3.216695230001069
3.2178140262584165
3.217567971845054
3.2095167296378433
3.2162675471432243
3.19221487724254
3.203508814669284
3.1973382262919343
3.194364366731805
3.198983920178694
3.1922051270676053
3.201097788996441
3.1923816136579
3.193500714088668
3.1845102457078545
3.1651065173827773
3.1694111934106317
3.173614564493562
3.170742563204185
3.1765340634935026
3.159811190609194
3.1594863305450196
3.1502396223451994
3.157774039887179
3.169181103732617
3.148732997323205
3.1467669992712577
3.151299603834252
3.1571952271643235
3.1376600415041516
3.140377709149279
3.1359743329802727
3.1410351610132596
3.134996844201814
3.141524843595483
3.1308623587460658
3.1318802304917965
3.130770003681782
3.137482880242363
3.138796984817531
3.121017277041455
3.1274628704476664
3.1332412727819943
3.1189245734237336
3.114519071912197
3.1164633466286746
3.116546559130872
3.1102396143377793
3.1134320882989015
3.116900039196421
3.109253739241745
3.1135529660246677
3.107513972802822
3.1067391753627556
3.0959226161453124
3.098142380799209
3.1014125510953834
3.0934708504760575
3.0974517820045357
3.096986049528333
3.1026201611399187
3.0972597220246345
3.0976205710828277
3.0921241405476727
3.104476335250358
3.0875532284537326
3.0853103918141143
3.08349212557322
3.0866837807702354
3.090696650063618
3.0764609076065828
3.08436329063929
3.0927941887037536
3.080550453508945
3.086395450853502
3.089768479248908
3.078204644940366
3.0718231544886243
3.0738008938304224
3.0785274966673155
3.08086580212603
3.0865542564648076
3.0739849435695783
3.072845056668602
3.076258282336702
3.0710018845382296
3.066186784033191
3.074553951900129
3.067980346836927
3.0604569766148564
3.066582465433728
3.0682812403954456
3.065829594049017
3.0604945222731117
3.0616446432001405
3.0665471613639985
3.059144809474603
3.0659671171553544
3.0625827475690457
3.064272730227497
3.0576750064047666
3.0503607862273805
3.0642639665254308
3.0557041878500146
3.0595211459099083
3.054178201850866
3.0484980150661656
3.058676481338669
3.0537173095249326
3.0541560825487237
3.0535994916341087
3.0522617082720727
3.0531982975851775
3.054878744739917
3.0520759879756434
3.041284450821821
3.0434708097662604
3.049983335053963
3.0575202217596615
3.049982824652546
3.0429473190901075
3.046889909306757
3.0521177257122516
3.0450084621852263
3.047051338281236
3.0453664486772367
3.0413461822088323
3.0430560422846233
3.0409739132163818
3.042481807786354
3.042184287254671
3.043189197274628
3.0466555924103558
3.0355831325454523
3.044621862013223
3.037087460664924
3.0369090129972625
3.0365623560561916
3.0360856155269436
3.036365363688169
3.0423661933893262
3.0354914208271215
3.036702972612658
3.0363617094742863
3.036307958221665
3.036731535826363
3.0340479425593982
3.033659037607523
3.0362957635512893
3.03680903133865
3.034052144410364
3.034023431950759
3.031696876547719
3.0300220982704382
