sigma=1.0 time=35.651000022888184 importance_sampling_step_length=0.5 num_mc_iterations=100000
1.025057576270141
1.006036840074253
1.0028842611794286
1.0033573075170583
1.0033233090017373
1.003599925384596
1.0022724047381115
1.0020224482052835
1.0024394788672735
1.002350206457346
1.0020216758713791
1.0020193777952213
1.0018396616871692
1.0015735876868925
1.0010464863650246
1.0010880491487468
1.0009012356693074
1.00178673555334
1.0007525449725299
1.0014160340319915
1.0008491729333668
1.0014964279423986
1.0008031403898243
1.000590519685882
1.0006964926074586
1.0009177511398273
1.0006048696310244
1.00088522696296
1.0012274546503617
1.000669019002715
1.0010151334332502
1.0010450369645882
1.0013444525306832
1.0004216868153302
1.0004939803381083
1.0003741022437385
1.0010794942258774
1.0006956678761385
1.0005615129238739
1.0005804814939863
1.0006025033462256
1.0005473741698896
1.0000984499550327
1.0006201502807242
1.0003688495171428
1.000070952426114
1.0006055657732296
1.000880098956765
1.0003887507245268
1.0002881646768038
1.000439536093912
1.0009935510733516
1.0003352845677949
1.0002901237579647
0.9999065090410595
1.0004628459104201
1.0003068246377218
1.0001190304916863
0.9999034120233741
1.000383734597496
0.9998757220941319
1.0002914348548417
1.000254448603903
1.0003343564530802
1.0006277939461534
1.0001265705227238
1.000061904034749
1.0005175923145602
0.9998711821687511
1.000327214637532
1.000271091570878
1.0004123127764601
1.0002223215429924
1.0002032881685181
1.000174382478471
1.00065926622284
1.0002039437077839
1.0004049925537968
1.0004738437119916
1.0002487576100225
1.0001394453158654
1.000330157064013
1.000239881809962
1.0003594697289775
1.0003803963312083
1.0002929801457507
1.000505421616597
1.000284980382539
1.0001623918297147
1.0002218406701904
1.0000273130206925
1.0003071820033331
1.000190526447731
1.0001180945940567
1.0000630586585186
1.0003286269423959
1.0005036459594434
1.0004598978609296
1.0001355528804055
1.000393416053728
1.0000749061406444
1.0002912478777293
1.0005506298670064
1.000090953353864
1.0001838150374982
1.0003881876112353
1.000070533981714
1.0002161459687542
1.0005121452341892
1.0001824364246175
1.000361883643581
1.0001848712639583
1.0001562595076652
0.9998289943177199
1.00011444911161
1.0000909920212955
1.0002451456065857
1.000020502811316
1.0000402841190748
0.9999911350368628
1.0002961994823658
1.0002822061735666
1.0001996561823714
1.0000592006878004
1.0004934252338085
1.000161064992325
1.0003424644332195
1.000240888471385
1.000182179954853
1.000204975567677
1.0002027890168506
1.0000726918299447
1.000229058625233
1.000279285733589
1.0001708581509317
1.0001172327078196
1.0002784389961616
1.0001400602264054
1.0001072635296748
0.9999771679853253
1.0000869474857088
1.0001780934850772
1.0003918224696224
1.0002521657135128
1.0001395471526169
1.000206574290686
1.0002117661324939
1.000151758506117
1.0001884793932887
1.0002387017435255
0.9999261468315206
1.0001021675549024
1.0002281239983386
1.0002658151111883
1.0001178824449815
1.0000836761301173
1.0001896972443554
1.0002066058916452
1.0003569004318464
0.9999992553922642
1.0000908193655706
1.0000699077441515
1.0001650256830208
1.0002044502610676
1.0001896744375331
1.000355645641879
1.0002277435540017
1.0002239134609578
1.0002721665143304
1.0002098723346862
1.0002820736276852
0.9999740156084923
1.0000845255080575
1.000225048703655
1.0001506950388792
0.9998709659542941
1.00024704919987
1.000145397691527
1.0001705969654535
1.0001014334727465
1.000224015469436
1.0001735702089833
1.0001781883657908
1.0000353908833337
1.0002117932396457
1.0001511831831227
1.000143037979443
1.0001540823375308
1.0000243248487821
0.9999181979411543
1.0001228872391403
1.000322976429859
1.0000041889972158
1.0001314361024762
1.0001876488204087
1.0001359968503645
0.9999955093886544
1.0001310810999027
1.0000946675737972
1.0000770124577318
