sigma=1.0 time=34.14199995994568 importance_sampling_step_length=0.5 num_mc_iterations=100000
1.0408152198707779
1.041032158092183
1.0384275968725223
1.0399491726937928
1.0409457257667087
1.036080014147885
1.0424070232925597
1.041134310821142
1.0366986178507616
1.0369523396935918
1.0389311585182541
1.0367230687069569
1.0327061490366705
1.0353850653627505
1.036121151837258
1.0365599294173262
1.0353661722905687
1.0310071920847468
1.0324122594098117
1.031301888391088
1.0317717375559468
1.0323960612740706
1.0330650006230462
1.0320541988919993
1.0304442134233769
1.028515037376939
1.0320484829926353
1.033483739567925
1.0314896432091625
1.0331923982404796
1.0312189612633345
1.0278902232087608
1.0300947093351933
1.0286160331357401
1.0323174099499304
1.027236090579196
1.0268078384775552
1.0253611135133833
1.0268574265036496
1.0257340458238982
1.0267837212095912
1.0260929386215858
1.0288975621106953
1.0218378677607707
1.0261083914257834
1.025158578910894
1.0263344749625718
1.024175991644937
1.0228877803932062
1.0228473443642967
1.0221433531802053
1.0232053870700404
1.0219252318372785
1.0219505693230329
1.0231092220988158
1.0219773320726822
1.022420978996937
1.0217170179874293
1.0194022644727754
1.0222445759703294
1.0197386147995189
1.0194425838315984
1.0211969584494272
1.0178728723054036
1.0182179764819832
1.0194291085661398
1.0231061154687906
1.0198242823884742
1.0187061039476832
1.019678619783598
1.019032949389464
1.0193609290036825
1.0163677941194884
1.0178977318859732
1.0181159458741023
1.0188475552591567
1.0197070074985606
1.0173104135363114
1.017230060609937
1.0146254996951578
1.0142749129198736
1.0178658493039343
1.0172208103923872
1.0178482121688852
1.0158328573168338
1.0132579475295795
1.015007145385794
1.0166864932070792
1.0155355165007034
1.0139226456231718
1.0149818364574672
1.0137057285099422
1.0134957042935802
1.0151662329259117
1.0122089591648251
1.0152597884609729
1.0139598699319525
1.0154086718195656
1.012399439656823
1.012750043029904
1.0117693246176631
1.0145001688004922
1.0122099733265766
1.0119627202923624
1.0124988012282734
1.012904009421253
1.014120633432012
1.0124978413808532
1.0111681117056373
1.011749556205972
1.0124175045185846
1.0132989916779491
1.0104438941853586
1.0127530234509483
1.0124129284689187
1.011473854697005
1.0111349955090798
1.0113399454149663
1.0104915153312153
1.0112154176301649
1.0107216404352573
1.0118197760093222
1.010922011748138
1.0112178746611948
1.011678019578426
1.0103843577709655
1.0081927408185898
1.0111174035936854
1.0095449480292216
1.0086717073901525
1.0090102729215984
1.0118013753324149
1.0093239178532292
1.0085913999823095
1.009653730099124
1.0110183739478908
1.0075762504709018
1.0090331259984615
1.0090655828229056
1.0081665369850006
1.0074564472599767
1.0079309769485523
1.0081755543197428
1.0073327503254996
1.0090479467176354
1.008129965707538
1.0094484738760707
1.0074349872193504
1.0076852436177104
1.0078145742740394
1.0071686598350877
1.0061863583399548
1.0075651447906924
1.0074745561130178
1.0094950425569944
1.0066502117592082
1.0081013415836169
1.0070537850078842
1.007557317478899
1.007571521255456
1.0053593011511
1.0062899631810223
1.0074938586284021
1.007473147582869
1.006757417142106
1.0062346318621436
1.0066290790079604
1.0076185637055612
1.0061883946394428
1.0074900675703746
1.006669119099177
1.0060268254221527
1.0062602758760006
1.0070075595596888
1.0053711913174812
1.0061386634177383
1.0060345487965587
1.0060249666838348
1.006860954912614
1.0059516784208453
1.004699214645729
1.0062967227572914
1.0047180140836711
1.0049871535153736
1.005117099222194
1.0049624971631121
1.0061051839938726
1.0067601353546187
1.0071009035685023
1.0064136294240358
1.0056795858976744
1.006342474394987
1.0046025949600597
1.006188269768587
1.004379961316761
1.0056470783892641
1.004553770532057
1.0069856478259527
1.004791433886191
1.0032386200246481
