sigma=1.0 time=34.995999813079834 importance_sampling_step_length=0.5 num_mc_iterations=100000
1.1557112858724634
1.007703466397521
1.0021314198053333
1.0015153977955837
1.0015263981273093
1.0017292413575958
1.001337201173789
1.001036299251182
1.0021553178528864
1.00136862220967
1.0017352976464922
1.0012827219206135
1.0018130543128503
1.0017248353307122
1.0017288963020416
1.0011026200235658
1.0004836183544856
1.0011113777226375
1.0012968763923984
1.001545602574126
1.0008967638097248
1.0006983039643147
1.00116696458273
1.0007914254972496
1.000577333235645
1.0009924662318899
1.0009223243503063
1.0012579120233307
1.0019723361038997
1.000801098051961
1.0006981753570625
1.001335374778159
1.0007451724995142
1.0014993329146
1.0012104327152895
1.0008648670937148
1.0011896932195827
1.000348993312292
1.000301242921343
1.0009227112164727
1.0011738914935115
1.0012026276204955
1.0008576473138826
1.0010986329137153
1.0013280700135392
1.0005955826310182
1.0010787052578631
1.0006224931415184
1.001223596070027
1.0006048265507628
1.0010204007473287
1.0010319763560203
1.0011846021436652
1.0005803211124542
1.0008253833224874
1.000574450626786
1.0016655694559287
1.0008064600912492
1.0008757051838846
1.0005599948820871
1.0011878237535234
1.0011677053158112
1.000561963174041
1.0006628872394978
1.0018402014578778
1.000852081646904
1.000226502005923
1.0008389837060803
1.0002661010691023
1.0013024814698983
1.0004318136126529
1.001158037826329
1.0009662596280315
1.0005721993398817
1.0011673678863249
1.0009034118317217
1.0010445146143787
1.0003006348534706
1.0003176554079627
1.0010942899974855
1.0003502456146627
1.000560035957826
1.0001729915983906
1.000863921355572
1.0012916104206688
1.0008389295075384
1.0009962787070517
1.0010266552096778
1.0005658375631803
1.0009880720342965
1.0003616810297806
1.0008099741477543
1.0006357851368446
1.0009661971683774
1.000344362507011
1.0008536944161213
1.0004743478088747
1.0009307109953511
1.0006034585721435
1.0012429703938328
1.0008548199869842
1.0004662043603614
1.0005869178799072
1.0016641191314817
1.0004479350078663
1.0001566921767606
1.0007904988979333
1.0009485693831988
1.0007650104990955
1.0012477830700186
1.0009799063042308
1.0002170380042936
1.0006411712834966
1.0005174529702443
1.0007196686140043
1.0005616325902669
1.0009607427395257
1.0003109118918594
1.000694560665564
1.0004325466892967
1.000843404855263
1.000615276881515
1.0007126099144983
1.0004144973928373
1.001174015085688
1.0004165823798454
1.0006987591215009
1.0005482603923943
1.0007968663697417
1.00092345065607
1.0011100433974416
1.0007098737737556
1.0008966419440815
1.0009658024000927
1.000451581683669
1.0004443576861715
1.0006862771054252
1.0014814195894106
1.0004509971829556
1.0002263052102478
1.000805734466464
1.0007614042752526
1.0007356758355173
1.00114363342604
1.000844668699256
1.0007937284742778
1.0007336202048838
1.0006684910615782
1.0005937682837498
1.0012245156328596
1.0011377552258558
1.0004190092797975
1.0008645214477352
1.0007324986041248
1.000526490775224
1.0003108387295385
1.0008595122661326
1.0001051288276988
1.0005186171901248
1.0005802877652776
1.000566524320894
1.000642054649637
1.000426286060165
1.000884241712198
1.0004599411459019
1.0011309720922952
1.000318223826803
1.000630103725819
1.0008499623612634
1.0010095625459807
1.000424220738183
1.000659387727627
1.0009024059745233
1.0004540526584758
1.0001967483566103
1.0006739583788926
1.000977971393903
1.0007968581647813
1.0003669424773944
1.0006257562136598
1.0003735098294269
1.000535971056305
1.000847561985502
1.0010076394028833
1.0005639983702581
1.0007963568828642
1.0009137391157172
1.000671677585321
1.000497785418317
1.000800514572901
1.0006470900664226
1.0001540507921534
1.000907282906738
1.0005228088928604
1.0005092208746216
1.0004806668347173
1.000950308564897
1.000418487655867
1.0003836093647605
1.0009662460913535
