sigma=1.0 time=2.6730000972747803 importance_sampling_step_length=0.5 num_mc_iterations=20000
1.0629325399412086
1.0486386675255228
1.0552592514625962
1.046108044807134
1.035970417433628
1.0329975057054628
1.029062768174487
1.03094782604571
1.0171303719974845
1.0221534266031163
1.0162496926406874
1.0172759678704095
1.018879908352318
1.0148172002854918
1.0120839146234748
1.0135648235155112
1.0115702202632417
1.0094154625203189
1.0099285078401103
1.009193315385186
1.002592733831137
1.0072560076747317
1.0096632896504636
1.0041499702795056
1.0051116302921523
1.0042152896444891
1.0040708038321373
1.0035448819347619
1.0048552964058741
1.0048518040118994
1.0022528350988813
1.0033763477654198
1.0030201369507095
1.0024025033848232
1.001695051037313
1.001800925702865
1.0008994351028178
1.0007918888182648
1.0005415646657105
1.0009324011379936
1.0005694468455955
1.0002649838008004
0.9999886476154859
1.00154351370416
1.0016181737914454
1.001709755156138
1.0004140840507076
1.0008412767280537
1.0009132993465992
1.000100815024475
1.0006535949817608
1.0001893552992012
1.0005950366613818
1.0006842078547789
1.0008029116132435
1.000158846069397
1.0006489133349068
1.0004251275873948
0.9996311594218563
0.9998097056985532
1.0005985992437612
1.0004216970950885
1.00009533861812
1.0003544580745758
1.0000175001411735
1.0006408259486526
0.9999837390801193
1.0001402395049666
1.0000853881663694
0.9998630774063118
1.000228131679815
1.0004615006603705
0.9998478164922541
1.0000493264224257
0.9996610597141641
0.9997095128282595
1.0000223640232393
1.0002388641925786
1.000008495082787
0.9998769444336737
0.9997435362069433
1.0000800517233726
0.9999586651546616
1.0000279155345448
1.0000823162226309
0.999812363462061
1.0000602463653216
1.0000531759892453
1.0000295479212926
0.9999992307030783
1.0001755667720993
1.00009324372097
0.9999715589846713
1.0000034413842938
0.9999043408186249
1.0000842708720754
1.0003286791547197
1.0001551466357887
0.9999461147304021
1.0002323611636172
