sigma=1.0 time=51.50099992752075 importance_sampling_step_length=0.5 num_mc_iterations=100000
3.504794665331701
3.3158141872641256
3.2218866210289616
3.147931882821153
3.1133205582747676
3.0936931967434695
3.0689726495311302
3.056701665448871
3.0452339666247186
3.036739760132364
3.0252023605198004
3.023438329150366
3.020514295122008
3.0204700382459695
3.018857575156771
3.0156815319496233
3.013477394054416
3.0123798965703075
3.0157240934153946
3.014406610284474
3.0098334022280624
3.014344621288177
3.010184895025463
3.0115051615433326
3.0138719332227173
3.012274407202975
3.0096784154468197
3.0133149601143954
3.0075011243596577
3.0091006137147973
3.0098782543451965
3.011230359348064
3.01134031769353
3.0103636316027007
3.008902523756663
3.00942769669919
3.006718365199284
3.0058616763129375
3.009825497757742
3.0088103598321796
3.010071187710407
3.0105615744856546
3.0095419324939288
3.0065977045443897
3.0087009138263343
3.0071218846701666
3.0067204371978296
3.0085513252732805
3.0089827427207796
3.005777762367651
3.0062089026552883
3.005297039189665
3.0069519614713913
3.0064878929950227
3.0094950871512673
3.0084795020617396
3.0059959736274635
3.010669711357925
3.0069438456947566
3.0092231190325687
3.0101594291696836
3.0081677033949292
3.005411146927741
3.008494339509823
3.0071452450914684
3.006928196560238
3.009593623170375
3.006882725138078
3.004982397028667
3.004356544632212
3.0085228639247465
3.007407660562842
3.010031323952555
3.0058575061767367
3.00754224984885
3.0067312229903798
3.006913542273543
3.0104605176366563
3.0079511922844655
3.009389143281706
3.0080523506527626
3.0053268403172235
3.008023255327134
3.00774985358783
3.008016510237731
3.0079353991488023
3.005741699744708
3.005624531147163
3.007361685768805
3.0056946801790554
3.0061357976584775
3.0066141798579817
3.0083738032308522
3.0065150401994636
3.006317064597357
3.006618469233179
3.005359385454444
3.0028297652361786
3.004065454668152
3.006411993919837
3.004369973198392
3.005389998053172
3.0063924539931777
3.0056440430910327
3.00425111175229
3.003890901253139
3.007921125208558
3.0041175268395763
3.0054600495265866
3.0045426159765873
3.005170090467884
3.005168308801704
3.0046355543666508
3.007469576339771
3.003642723251039
3.0059362799531004
3.006058915749968
3.005917654702004
3.0048807949817253
3.0034176809013053
3.0048793044219266
3.0058172771815004
3.003145276072424
3.0052759176076753
3.0052885481661695
3.0066307887618695
3.0057000682093444
3.0051998081543476
3.0034488181780463
3.0055048406884124
3.004455319229841
3.005144886190396
3.0051832101211393
3.0052152771706298
3.0044586602844965
3.0065831661217466
3.0030157905439925
3.0042743499483797
3.0045022534314794
3.004550563912513
3.0049407291467483
3.0047900981564735
3.0054894992320618
3.0044024553781736
3.003268519144898
3.002241630672375
3.006023556097537
3.003804234620496
3.0045562561273984
3.0046579569870793
3.005333519951133
3.006321363700004
3.003357250876541
3.004357076115029
3.0053484647792206
3.005322433697873
3.004471779159823
3.0046158325224086
3.0047261049067058
3.0042912563614497
3.0054214985536256
3.0032525789332705
3.0057204754265
3.002466864612922
3.0062060556905164
3.0043633815843336
3.006194847953502
3.0018086226969447
3.0059784044901807
3.0036710896426166
3.003046156161845
3.004915333260823
3.0057707717095927
3.0041075535661856
3.0044642134964104
3.004836179670594
3.0032746157653816
3.0041074840217408
3.006293156914509
3.0034869385906555
3.0050631866297426
3.0032921609800107
3.004636653602541
3.0029658513716195
3.0033429781637393
3.0029660591237617
3.005788514255808
3.003871938773238
3.0036792395183447
3.0061850939135857
3.004683257612059
3.005755467115113
3.0031461400882935
3.001492813077691
3.0045093314236224
3.005128080498455
3.0050724084684255
3.0044622001310137
3.0031093247471583
3.003423353933706
