sigma=1.0 time=30.419999837875366 importance_sampling_step_length=0.5 num_mc_iterations=100000
1.0852683771393625
1.0843261673954674
1.070589180034269
1.0658051023969408
1.059023262738874
1.0556561426740483
1.0457006414118193
1.0436535937201656
1.0405114428937747
1.0323407019436093
1.0332074380915612
1.0290905706557036
1.025282424028269
1.0243337863672777
1.0222934978653366
1.0203061555360882
1.019185810540363
1.0175353443569015
1.0155864248091193
1.0150004419970498
1.0132359003650584
1.0123237529481848
1.0110373578445722
1.0110226593675855
1.0103243590894633
1.008803076318369
1.007759742726711
1.0091057861525767
1.0087104804723153
1.007641081625512
1.0073747914434883
1.006351200805561
1.0055915769704136
1.0059427592708974
1.0066233248618344
1.0055480230850722
1.0046757898818504
1.0039261469187912
1.005470722779544
1.0051590554299525
1.0037880292240944
1.005093171188764
1.0033264478807227
1.0046627849781573
1.005043300909853
1.0053175600979765
1.004389880268785
1.00474379457216
1.004335948925635
1.0032114063403728
1.0041104007077668
1.0045473474444078
1.0044277894019507
1.0048705642301636
1.0055787132228897
1.0048249930526816
1.0033548972065822
1.0032797060668928
1.0043131072598048
1.0043949977069615
1.0039608333261225
1.0042455129313888
1.0040710748327293
1.0056336851552174
1.0040232093746502
1.0048439743160984
1.0050524111312755
1.002914072124286
1.0037847786182075
1.0045377672338407
1.0042003416402534
1.002956970410068
1.0037980767423476
1.0034150114983915
1.003519465294982
1.0047577305867954
1.0033184990957704
1.0035177229631518
1.0026897930467584
1.00311280118219
1.0040521215209492
1.0022161432668364
1.0046918120844917
1.0035094999062648
1.0040874989641555
1.0034762373496025
1.0038932341895614
1.0025666103424609
1.0035941498570127
1.00316944119269
1.0039619586757416
1.0039102248301237
1.0046485430557626
1.0045603734881765
1.0026238831739516
1.0035310934936612
1.0040185061186058
1.0036778159641824
1.0040043072148
1.0037965976095684
1.0041442051314835
1.0039929717781864
1.004343813068025
1.003767200201625
1.0034687523951602
1.0036171665465845
1.0042337068443123
1.0034545324601807
1.0038626142442089
1.0034784913319426
1.003123574322872
1.003618479384426
1.0047362156780095
1.0033604101196183
1.0038879830675922
1.0035747542204276
1.002265684098096
1.0037462666810302
1.0042436691088312
1.00400096922183
1.0037386807091806
1.0027547829244354
1.003931320729992
1.0042853442046529
1.0039236055891065
1.0029853854107458
1.0027895191462337
1.004147259080978
1.004532199055016
1.0027261881970937
1.004130132383181
1.0033753611169538
1.0040512355186555
1.0031165369683437
1.0036293073598745
1.0041042158002482
1.0029072550617208
1.0030428186762228
1.0044096430294713
1.0029124869188524
1.002997401126107
1.0038857892765882
1.0032352854436548
1.0036745872998034
1.0036370509298218
1.0028076357407738
1.00355708062992
1.0038270413801236
1.0032043458348685
1.003474507517459
1.003213672199921
1.0038704159685243
1.0036300150687114
1.0038358488945953
1.004308034261206
1.0040136656107623
1.0035541531983025
1.0034372700147134
1.0028903946947383
1.0027628834982638
1.0035650695798661
1.0025927072406935
1.0033017126179256
1.003045078572788
1.0039132929159882
1.0028640130097726
1.0029503174592944
1.00279445047285
1.004150505318731
1.003218386343715
1.0026256473380102
1.0029857841028278
1.0028229131329998
1.0038391472193466
1.0028852626146163
1.003374710694399
1.0027132356766506
1.0028547525574278
1.0028106070574314
1.0034935567125693
1.00394783721424
1.0028433702200634
1.0023507967779026
1.003069752153561
1.0044090027790769
1.0028616251981008
1.0028353235908434
1.003451771947152
1.0038230914726671
1.0034859357204016
1.0033448747254416
1.003023183574749
1.002674212511196
1.0030611595564018
1.002822243720167
1.003390929995865
1.003397916574821
1.0039341066678205
1.0022652637068474
1.0030160504764205
