sigma=1.0 time=33.37400007247925 importance_sampling_step_length=0.5 num_mc_iterations=100000
1.1583150142366327
1.013662501503914
1.0027425400786882
1.0006925576392034
1.0016445466830977
1.001538311769719
1.0012403607432594
1.0025032679639492
1.0018044334391916
1.0013902678677618
1.0017437685096384
1.0016541396149061
1.0011059613371398
1.0018365722937626
1.001621687039764
1.0001278541547007
1.0010504313128832
1.0017194358528652
1.00143454609935
1.001434906945012
1.0007473072471007
1.0016612854805271
1.0010608054878516
1.0018052073266313
1.0010887212002382
1.0009177615640439
1.0018583012526663
1.0021526650013586
1.0013017667926771
1.0012616986234328
1.0016710994978606
1.0016947335448927
1.0012873330146432
1.0011920793878353
1.002014305616343
1.0019873512128972
1.0012425891741004
1.001253979286459
1.0016793254220082
1.0011796988810697
1.0012271459252355
1.0018167099914181
1.0015746166317612
1.0013786474107307
1.0010800087561913
1.0016591077722448
1.001238776327794
1.000950601206851
1.0016150402571629
1.001474823411661
1.001064438294329
1.001666482596086
1.0011321459249929
1.0015082128533332
1.001219610757349
1.0012041779804983
1.0013777030096973
1.001241320732607
1.0012999926268167
1.0017366841180868
1.0017533095116968
1.0013139557488933
1.0012189949104822
1.00074194872436
1.0015705348350248
1.0008062104382127
1.0014533575075049
1.0007838275708323
1.000850188551497
1.0007342933010164
1.001121766880102
1.001586431588959
1.001056698422034
1.0011082423397806
1.001084797245172
1.0013120582960937
1.0012695758719912
1.0010782666367144
1.0010095784663393
1.0012619257961606
1.0011565590374933
1.0017461089139041
1.0010474967516398
1.0008977544983335
1.0011616662144955
1.001333512196547
1.0010844980105664
1.0007213768770729
1.0014937362466603
1.001306463769678
1.0008056058268495
1.0009877776344323
1.0014323261908842
1.0012324958502334
1.0015029401735245
1.0015386329264508
1.0006861824384865
1.0009124684760464
1.0012619063003534
1.0016397052182335
1.000959011799798
1.0012151182757867
1.0018137107824827
1.0011812865304697
1.0011331111896675
1.001067674993203
1.0008740594886183
1.0009262131602494
1.0011675537640157
1.001033867834119
1.0011176492786082
1.0010854879516404
1.0017205432638772
1.0004903530475675
1.0008797203241786
1.00129991203694
1.0004375487325232
1.0008249933606592
1.0008891328716443
1.0012374996362141
1.0011078263041275
1.001618711987852
1.0006047327839056
1.0009961390828266
1.0014577236055942
1.0008312787483815
1.0006984227623223
1.0016713101166896
1.0009457599569254
1.0011080664655785
1.0005819681085506
1.0011939448714033
1.000758697676988
1.0013575495602907
1.0014993298376
1.0008659601167158
1.0014717609202213
1.0010818029377666
1.0010654504635952
1.0015078947166836
1.000915243318432
1.0011544962693795
1.000914725241243
1.0010195302650862
1.0011141153596288
1.0015743787023317
1.0010247587078998
1.001588626449604
1.0011006475177309
1.0010149521505414
1.0005292421467153
1.0006901042542973
1.0012304839864743
1.000665877818024
1.0009281134547856
1.0009367582414823
1.0009342504948844
1.0006554419865001
1.0008763676577577
1.001297673020321
1.0013479430088694
1.0010564419799455
1.0008647284482746
1.0009353081358232
1.000861414990696
1.0011203170635663
1.0007688787525757
1.000503952693827
1.0009815531489308
1.0006775749109234
1.0005886042598855
1.001097310400306
1.00044002474345
1.0008330001035866
1.0009256059934555
1.0008047165554494
1.000666530386304
1.0010111405923698
1.0012305431118507
1.0007980473268228
1.0011714190480412
1.0009153784229583
1.0015203631016514
1.0007196078056755
1.0011860741752987
1.0009260620118734
1.000766279812174
1.0010415384217968
1.0013917397363332
1.0008182437178736
1.000614799502308
1.000578827670814
1.000597493819795
1.0010188147651378
1.00109775832404
1.0009192520707155
1.0007548033910616
1.0009485079035358
1.0010033120821598
1.0010492874722827
