sigma=1.0 time=56.884000062942505 importance_sampling_step_length=0.5 num_mc_iterations=100000
3.504794665331701
3.525981317809082
4.097050268533691
8.090877075361192
106.31512644002459
102.05396299501811
102.05396243723409
102.05396174890774
102.05396129446214
102.05396081337967
102.05396134676651
102.05396114966784
102.05396064168579
102.05395999987397
102.05395895124535
102.05395861087501
102.05395826446029
102.05395774746765
102.05395767549233
102.05395747738389
102.05395790866464
102.0539576039117
102.05395747971274
102.05395690619058
102.05395617356973
102.05395574664246
102.05395440825322
102.05395371855369
102.0539536669278
102.05395303856847
102.05395286089869
102.05395235472831
102.05395159752216
102.05395109745217
102.0539501032023
102.05395051362231
102.05394999391366
102.05394966448011
102.05394904806215
102.05394843759255
102.05394744804205
102.05394677839018
102.05394660616629
102.05394689926017
102.05394621772466
102.05394621486131
102.05394612540495
102.05394530672862
102.05394481613428
102.05394456653984
102.05394412577174
102.05394388075041
102.05394351603555
102.05394306284163
102.05394183675341
102.05394205270044
102.05394210480071
102.0539410998204
102.05394058940911
102.05394013603816
102.05393993684275
102.05393984845792
102.05393991125601
102.05393928779424
102.05393893085166
102.05393894761822
102.0539385446381
102.05393849990283
102.0539380702721
102.05393745398904
102.05393780022796
102.05393717134496
102.05393671808179
102.05393683368527
102.05393696017585
102.05393643097254
102.05393517661153
102.05393492599767
102.05393457428997
102.05393422459782
102.05393297305295
102.05393244614585
102.0539317402432
102.05393148319817
102.05393144925738
102.05393066634072
102.05393042107708
102.05392978903188
102.05392948825617
102.05392894517112
102.05392810409849
102.05392718144887
102.05392702126387
102.05392709625815
102.05392636544673
102.05392577292639
102.05392503653366
102.05392427759432
102.05392373910976
102.05392310833422
102.05392243510599
102.05392196025358
102.053921627893
102.05392107182513
102.05392085765894
102.05392111300081
102.05392114424615
102.05391988839412
102.05392026426186
102.05391984125511
102.05391899767572
102.05391840515526
102.05391758511352
102.05391773226236
102.05391781841188
102.05391716978086
102.0539173075688
102.05391727120897
102.05391652440777
102.05391597664007
102.05391567014422
102.05391552113265
102.05391552417666
102.05391539196935
102.05391513927711
102.05391445505583
102.05391397022764
102.05391316296809
102.05391203882145
102.05391110002104
102.05391038496924
102.05391024796893
102.05390973825472
102.05390878661333
102.05390819454648
102.05390781974019
102.05390733293109
102.05390679196414
102.05390611498207
102.05390618288244
102.05390601151639
102.05390562759891
102.05390506529224
102.05390450337443
102.05390324836044
102.05390313372902
102.05390268937755
102.0539023253541
102.05390190498149
102.05390040932026
102.05389920500885
102.0538987136746
102.05389838414418
102.05389838483696
102.05389833329109
102.0538973218647
102.05389637975028
102.0538954709271
102.05389459058892
102.05389430107631
102.05389353883054
102.05389296428518
102.05389165794489
102.05389141727704
102.05389057468298
102.05388949374134
102.05388929694973
102.05388901563637
102.05388849350827
102.05388857792535
102.05388794364586
102.0538877880037
102.0538871076523
102.05388667997505
102.05388669585571
102.05388634465639
102.05388573290132
102.05388535740457
102.05388484524025
102.05388486837928
102.0538841717494
102.05388389151011
102.05388343398319
102.05388279191347
102.05388245921928
102.05388217167999
102.05388217674444
102.05388163195401
102.05388039169479
102.05388038791403
102.0538796459464
102.05387978649537
102.05388034901364
102.05388032643658
102.05387961949462
102.05387930965558
102.05387951700729
102.05387932537208
102.05387891387703
102.05387854017572
