sigma=1.0 time=2.677999973297119 importance_sampling_step_length=0.5 num_mc_iterations=20000
1.01076548410491
1.0012322440849324
1.0011779244768608
0.9995880056715584
1.0019577917266929
1.0017276796730445
0.9992692306575921
1.0017295494614313
1.0012319903966291
1.001163384843908
1.0018204100889472
1.002916873515458
1.0003078071278897
1.0004613937193323
1.0006335494388614
1.0000105620734572
1.0021400676270094
1.0002679637620397
1.0008263972946767
1.0005476359179364
1.0008529907620356
1.00112052755619
1.0008556730097733
1.0011013633251389
1.0014444017859048
1.0001360519102496
1.0011976548393946
1.0011185739137802
1.001265346428891
1.0023219120052584
1.000017410722691
1.0010321157496085
1.0008651091112517
1.001441960475274
1.0009262890818726
0.9996248595863254
1.0004240112675502
1.000185764216227
1.0019601172551527
1.0001627291635018
1.000749879199783
1.001212349391608
1.0013110374231233
1.0011245463017862
1.0003917321978162
1.0004124108670365
0.9999822470144973
0.9992243497137703
1.000167881741424
1.0000864171428032
1.0007298198251455
1.000562969704024
1.0003431412429429
1.000163175109009
1.0010074483963904
1.0013396085631459
1.0005046890765827
1.0011749721021659
1.0001341757423836
1.0003469611672755
1.0019668225974665
1.0013802073329428
1.0009079772728415
0.9999900028224056
1.0007610164023417
1.00085683323728
0.9997918973604607
1.000869872186042
1.001845515137482
1.000843821541394
1.0002142979518247
1.001268963446849
1.0005262397996113
1.0020036475617327
1.000014137831824
1.000937428497594
0.9995617753757923
0.99970332154521
1.000485560251118
1.001156418456812
1.0000736237032413
1.0012890962606258
1.001133471231064
1.0002339953304835
1.000715380640155
1.0011209673871126
1.0002827012014968
1.0009654678171465
1.0008335486876403
1.000287891222714
1.0010885366897706
1.000911195295858
0.9997115313591287
1.0012917885815575
0.999994795556158
1.0005968483327845
1.0026184088360741
1.0008152036418527
1.0009191483138922
0.999814862699138
