sigma=1.0 time=46.03999996185303 importance_sampling_step_length=0.5 num_mc_iterations=100000
3.2479800960208194
3.181268080227014
3.1457335546700977
3.110327407359804
3.0873080294106376
3.0713661883306664
3.062960029861218
3.0525666479166143
3.035070960765816
3.0361278714876874
3.0308799656848393
3.0260723613943297
3.024925391432921
3.0213935989320446
3.0200780932976694
3.014884443762117
3.0163647919748695
3.010852467415045
3.0159999784636846
3.01117601178981
3.0069099269273103
3.007829961455078
3.00945072502743
3.008945357314362
3.0103335155913657
3.016302573803183
3.0106220017088106
3.0125272727514507
3.007994458529077
3.00658179404752
3.0070505153341847
3.0076187107977446
3.008182732448818
3.0057501965841995
3.010200573029233
3.005830081728648
3.005669050161988
3.008512379283267
3.00704252549326
3.0066624398916515
3.008684401380463
3.0078482795843726
3.008069056485872
3.0054901490924335
3.0057583838854747
3.0050214582155084
3.0062648121948645
3.006844753599006
3.0044217565699616
3.004045145677931
3.004018445558112
3.003245302113071
3.0051133325043256
3.0070097513327823
3.0051697440273393
3.008171841609995
3.0054659717950227
3.006421792184656
3.0061421493660445
3.0045497940110346
3.0060636104057523
3.006430416925161
3.004774431014775
3.0048397668090505
3.0056803411284525
3.0033059845219023
3.004074209961944
3.0036561625388147
3.0029529697405
3.0034899086754407
3.004611907279657
3.006225020977909
3.0055166595654415
3.0050373471710015
3.0043447791676274
2.999869264610949
3.0043626998036137
3.004223058070957
3.006834382765057
3.0045513191413162
3.004597095476899
3.004933332532571
3.0043889139466944
3.006208785281567
3.0045160608820476
3.0055114135825773
3.0021126168122345
3.004552548864999
3.004711627592455
3.004972723906076
3.003018165983741
3.002615049798932
3.005156792779839
3.005432331102765
3.0034478171539507
3.0060275264132743
3.0039165743889757
3.0038381540250585
3.005223776457276
3.0044966790043834
3.002756220885474
3.002715620486575
3.004561860916025
3.0039566963747104
3.003556035953467
3.0037159843069663
3.0052798044462565
3.0039494684817742
3.003720093551621
3.0027525542194313
3.005493203625195
3.003685864930869
3.0036637384259395
3.003860924007219
3.0017111997299044
3.003709112576684
3.0032753091158786
3.003323462442136
3.0030389777328312
3.003511637849858
3.003549892939766
3.0030945797447233
3.003781005911457
3.0031614850049397
3.0036036282016974
3.004345872341958
3.0030514213719006
3.003108203787474
3.0041971549732884
3.003156664909299
3.001696014129014
3.001886591524071
3.0046962492064937
3.0033275545364284
3.0024727549233643
3.002668945573164
3.004161018465907
3.0036392640021914
3.0029265394951574
3.0022615892547204
3.0036008969236727
3.0035462053944175
3.0023349455061994
3.003357948998951
3.001836891051615
3.000966061307067
3.003046748370826
3.0012474428066978
3.0035154145527656
3.0026398303857307
3.0018422489198926
3.0032062110130804
3.001824156142404
3.0022159833937088
3.0033902913215442
3.0024818202304853
3.0021934084793105
3.0032422386699764
3.0028659722806093
3.0032734598683044
3.003014720449594
3.0014556735201907
3.003622414073814
3.0007922710719708
3.003170238040727
3.001161518950708
3.00207338625497
3.0017197446863495
3.0034618050165798
3.001911579381009
3.002853778629722
3.002943893891577
3.003193728011673
3.002847043011139
3.002540281921821
3.002232299450544
3.0016019545406913
3.003395040331378
3.000819307990922
3.0010370159528788
3.00291474378226
3.0020811786160255
3.001535914795613
3.0036625588160084
3.000963384074837
3.0013557287075763
3.0045353558199266
3.003063167626718
3.0022148632136916
3.002750198978487
3.002743101298611
3.0007225155822868
3.0007606688945696
3.002187061171691
3.0039064503234125
3.0024166471244875
3.0023811997306766
3.0021665070768098
3.0018624039054322
3.0007679877951094
