sigma=1.0 time=2.9609999656677246 importance_sampling_step_length=0.5 num_mc_iterations=20000
1.012295498301605
1.005156062741835
1.008906798465118
1.0070248524201433
1.0089213042495746
1.0126932171330352
1.0073791777539343
1.0065855574248288
1.0131746927484693
1.008579516779548
1.0102897942589293
1.0042269826756072
1.0082950673184263
1.0079031359599735
1.0085230718491367
1.01190580159935
1.0052995435320033
1.0057927784866771
1.0061055869187532
1.0061293387576264
1.0083053240582518
1.0092431876173755
1.0067502845821246
1.0066269661475784
1.0052283246365732
1.007163751404628
1.0064858217349866
1.0067481692754756
1.0057757573251118
1.0049918051332707
1.003141511751755
1.0042312345521351
0.9992090897246281
1.0037455025614233
1.0045474947304547
1.006290146656722
1.006210471658539
1.0051482454196161
1.006979131235373
1.0069023939695045
1.0050610566011504
1.0066528831117603
1.0064249397720304
1.0050389197715548
1.0055713500379317
1.005465559445736
1.0044457212675115
1.0049771607675606
1.0065498424737078
1.0015887983519653
1.0042350600009822
1.0054878076322562
1.0070592363540534
1.0040733205556016
1.0047279733700234
1.0034906388169713
1.0039103495162556
1.004427181613872
1.0033028275483549
1.0025651029522236
1.0053398206239084
1.003918722761372
1.0059516603013936
1.0041108272510124
1.0043638175492335
1.0029409511433653
1.0026301339745962
1.0020154404444555
1.003689550049462
1.0020328218950856
1.004231738980446
1.0041195711986899
1.0013852127578267
1.002043741014866
1.0045454832056009
1.0046188046246498
1.002754845816634
1.004384544716037
1.0028891831145135
1.0038143677969527
1.001608736406442
1.0027237522683639
1.0008274624125817
1.0026127804428908
1.004161257162318
1.0024888011267545
1.0023003013924678
1.0044141621830784
1.002670614492329
1.002163941679186
1.0026140641675205
1.0025902471472545
1.0037519024901995
1.0034410937880565
1.0046040114286903
1.0030773177492907
1.0023755738367992
1.0026176160304854
1.0048870003618526
1.004008562841013
