sigma=1.0 time=2.9129998683929443 importance_sampling_step_length=0.5 num_mc_iterations=20000
1.1257505960552736
1.1203829927462559
1.0951392659770427
1.0776254661525704
1.074521634579697
1.0546990143062849
1.0537227705815775
1.0491952892680354
1.0364734313918875
1.0316964020230166
1.0294366092668275
1.022377359972346
1.0256466428609332
1.0250613827172357
1.0184862778625465
1.017245595220336
1.0174431850335797
1.0155613644623804
1.008359345263686
1.0088069434315599
1.007745536736642
1.0096014773198243
1.0063690438684447
1.002763139490198
1.006027404315497
1.0096209317419624
1.0089151133857297
1.0033519215436342
1.0038599407908024
1.0055124839492966
1.0062731833792342
1.0065147085700137
1.0062055397561067
1.0017776578156299
1.003061523984759
1.0051690272991063
1.0038635020749067
1.0056518860400034
1.0039287512972925
1.0036076856041205
1.0052940462766564
1.0069433309051197
1.0052788750088726
1.0029272031026386
1.0054079874777502
1.0036576240009574
1.0053308860803836
1.0027133134184798
1.0057043007769286
1.005010340847776
1.0034910536335282
1.0043839512738222
1.004900423212336
1.0031022625354709
1.0022953351351895
1.00795477890321
1.003889769143442
1.0071689916430722
1.004091571451212
1.0050862768303692
1.0045959299620593
1.0025771464211855
1.003016634465819
1.0027341205633138
1.000568813525923
1.0031233799319936
1.0019813692538702
1.0054225933623
1.0048652962754003
1.002793311501791
1.0036985442585147
1.0041024493108437
1.0026119961545519
1.0012050498113718
1.0059111507874818
1.0034374363685703
1.004759997023154
1.0035525867551491
1.0046438643583557
1.0018454452662937
1.0027198100301604
1.00440847304325
1.0042115577553083
1.0013194811591861
1.0024685838424885
1.0033806992136185
1.0083273747127983
1.0032546903985518
1.0044402137613053
1.002032610288575
1.0030693866040017
1.0029833353190365
1.0043161146534973
1.0031651779009665
1.0057983406509112
1.0031122066817215
1.002640838071555
1.0064752297541437
1.0035715994148566
1.003903392402154
