sigma=0.5 time=704.0360000133514 num_mc_iterations=1000000
3.260941291363048
3.252707181801937
3.2525286721515574
3.2547328873512975
3.2477846959683805
3.2492493642043527
3.246659268954713
3.2437519703917435
3.2439545865572454
3.242374516231334
3.239009835040019
3.237414111812184
3.2316127801736605
3.2307202161218433
3.2281479723975273
3.229090002190038
3.229952696052297
3.2278481574604525
3.2278274140493997
3.2284408816053936
3.220813124158132
3.222543401695731
3.2234470372777815
3.2184731205254034
3.2181168945623293
3.2161164275866416
3.2164823733866856
3.2178221368624187
3.211455592696115
3.219255366078562
3.2197076166093908
3.2138439167218515
3.2115510999923242
3.2079479187738658
3.209077729583532
3.2096023565755982
3.204268194317021
3.2055421777836237
3.2070585948527617
3.2055008703846717
3.2079392384878296
3.209594506561898
3.2032562337509294
3.1992306511934845
3.201255373949111
3.201981508569115
3.198005009375834
3.1996557187888333
3.2007655622222058
3.1954044679088653
3.1967413945403624
3.198845828720101
3.191569987272934
3.1974784717665394
3.192654896311159
3.1931620378605223
3.196822622978458
3.195242251616552
3.193586859622097
3.193287941888358
3.190593822792399
3.19699408902958
3.1910943616203036
3.1922617196629677
3.197738122106054
3.190009271771872
3.189760892271128
3.18720767550882
3.1921614270213805
3.187959338114071
3.1936321273819126
3.192543076958213
3.1854391163442424
3.1855436270335353
3.1852223788113023
3.183958232863326
3.1875235595474574
3.18577435202434
3.1879626402950505
3.1866149703139186
3.184900273183289
3.1824032806773515
3.1834196234515826
3.1851398428906887
3.1812945493914753
3.1845007000840946
3.1826634994358165
3.176540037847132
3.182723698815982
3.180719617715584
3.181840905125853
3.1866790374363605
3.1805409707945387
3.1828355830004678
3.17873162736121
3.1770978493681983
3.1787327146366944
3.1787331099518745
3.1793456527318655
3.1843357799423955
3.1803456770701484
3.1781897445704717
3.176417885587279
3.176016814544631
3.1748922176520713
3.1799256282392476
3.1748048536130016
3.1777009101079194
3.1768803621138084
3.177637920553316
3.177046939725079
3.17255003202371
3.1744884985624
3.176168547957369
3.181483908304327
3.2024783272187185
3.172410304019188
3.175081492794752
3.1722794733452617
3.1730411068763518
3.1722607773807034
3.1759116319433844
3.1753573844618455
3.174325790893112
3.17353978911144
3.172798630953553
3.1741547837796977
3.176088566538655
3.1709094755072784
3.17210529546361
3.1726164854165115
3.17451398687151
3.171161876830442
3.172927711577345
3.17162796059383
3.1761637900193747
3.173218732390272
3.1662619437327635
3.171305106599346
3.1789317808387505
3.168324577612386
3.1674398374717563
3.170905574080295
3.168665821269598
3.1690338911481417
3.17538611410022
3.16799814918587
3.169366275041216
3.1654824369708185
3.1682229219215046
3.169223652245217
3.171184567828401
3.1698024993581453
3.167707852316677
3.167877976468024
3.1665127833884075
3.169433300476341
3.1654975712460085
3.1642718285196527
3.167120903429661
3.1698998524292814
3.168789713810962
3.166575538354615
3.1657980046899876
3.163384728549725
3.1655149359750254
3.166714413254111
3.166086762519756
3.1617403680507548
3.164060524144864
3.164181602696045
3.168820103179437
3.1654866169969855
3.1610836222259846
3.1691869585018533
3.1629256238844414
3.1621540983818797
3.165726890275426
3.1626559567680976
3.163086166187597
3.163559719757676
3.1621071434620687
3.16111347649946
3.1626352383491207
3.1627260526702816
3.1740215836649077
3.164911416530541
3.1626968177167036
3.1631217078536387
3.1605681943997097
3.156245408884537
3.160106529183613
3.161155940190187
3.1590574731218606
3.1712170746459485
3.1605996576643904
3.157632772618406
3.167750698258557
3.1608255045847407
3.1576909377553433
3.1600345800544374
3.159488998068563
3.1588861927517984
3.159290955927046
3.1584750970815914
3.1619096948560257
3.1608042292242535
3.156812642236639
3.158294973581259
3.159670261894231
3.1584907633983086
3.158599697875194
3.155915476860205
3.15836040172501
3.1606766584521955
3.1587018770883635
3.1561763902987994
3.156701122764409
3.155851872505463
3.1553608210857416
3.1531179361550907
3.1580315566299038
3.158893774201115
3.155018963682555
3.155193606791377
3.1539954754011483
3.1610590462534085
3.153678315786
3.1546987461731044
3.151635176930797
3.1603877401900817
3.1553746675913956
3.15006135608041
3.1528948257227434
3.15484206276785
3.1612100951133977
3.1520321307736623
3.1547398579857484
3.1566636769800773
3.150099201049968
3.1534539262317485
3.1522807492853504
3.1526653057930987
3.1554254084806246
3.153391476216334
3.161043081054431
3.1500137036473035
3.1483173141751153
3.1547525600482205
3.149690224196742
3.15025034160092
3.154946567286763
3.153589459017437
3.152653368984412
3.14842727924896
3.149456720311008
3.153283233694189
3.1505678002197506
3.14807942369214
3.1531677266745035
3.1481815609940065
3.1490275119022217
3.1481190998554656
3.148154301968275
3.1471905704319116
3.148361074369648
3.1484472890139825
3.14969318006348
3.146953057631258
3.14639827318467
3.15087476816577
3.1456264021017906
3.14742528174442
3.1455688443967675
3.1496352751766388
3.145111138141812
3.1443338277509048
3.146420884852765
3.1486022134901157
3.1430991515997606
3.1445568622113
3.1407551259084494
3.1439987923720514
3.145323546690239
3.1468635879547073
3.1500888667104805
3.1451826854714477
3.1451066857451533
3.1453935538399516
3.1423026100763343
3.144911386822649
3.1447514904706932
3.1423335082816592
3.1434263333161896
3.1425235126503677
3.146382432837641
3.143710116792433
3.1429979303965996
3.1410236464658037
3.1395923433977515
