sigma=0.5 time=699.0020000934601 num_mc_iterations=1000000
3.260941291363048
3.1961384812882527
3.166903738507872
3.1479177802433362
3.1295837396632664
3.122619078710918
3.119091566551347
3.1100068409607973
3.1060588612826954
3.1008226064691784
3.0970343274664285
3.0935134531831565
3.090517057198676
3.092936872833203
3.0912595130383242
3.0921223246196905
3.0962573962706497
3.090649360633315
3.0959171599475472
3.0933582776402933
3.0946303133281026
3.0940235483996728
3.093316151204539
3.0890368691906493
3.0943220624740007
3.0931412934783085
3.0905275026088557
3.093993681550442
3.089661934278526
3.090749699419059
3.0931362553424746
3.0872935023353456
3.091370071132533
3.090980848309051
3.094544816362707
3.0969641497344544
3.090356752674191
3.0924799500206883
3.092118324316941
3.0923500139639577
3.093964844684652
3.093123712836996
3.0889743321038163
3.0894036361254082
3.090872416493301
3.093811051141842
3.0924567294330187
3.0891789838094734
3.0911426643238777
3.0892508049549576
3.0873113274897497
3.0901516452323294
3.0877763903242066
3.0919457400620174
3.0910655559206988
3.089044977212531
3.089163858833291
3.092892118197931
3.090597491822652
3.090478161203428
3.092124681557196
3.0909435516027948
3.0872509829660317
3.088391367634416
3.087820493391912
3.088766878651856
3.0848442405093204
3.088680762419052
3.0885408764337985
3.085725847555706
3.089852165041691
3.0889912805881816
3.0858933767235395
3.086788976669399
3.0874752767571874
3.0857981071387717
3.0861938745487962
3.0865778190677213
3.0866303237945933
3.0871204875280114
3.084347539149106
3.0854485973477717
3.0806101111457833
3.085433187344179
3.0802884262401786
3.0829826007183474
3.0857274220216335
3.083030499642221
3.085573378677481
3.0827430298356857
3.080640678075053
3.0817339971613364
3.0825700092743182
3.0863304759476073
3.084328527501251
3.087628663967462
3.0858669930500495
3.0860667859115183
3.0854533856713475
3.0881601099936793
3.0833989991223754
3.08147826746784
3.081025258392158
3.082385300434153
3.082499134380431
3.084050637480786
3.0821127563770205
3.083217058387405
3.0854859420674083
3.0895901110149553
3.0867064285058783
3.082586367827884
3.0831217533122763
3.084714965467091
3.086499156493372
3.0812552316582384
3.085600740395022
3.0833804267735556
3.0825893016850365
3.083186952368294
3.0803760613843254
3.085513011148381
3.083007066454835
3.0847851601783725
3.0867058733706876
3.083958430908887
3.0818200916986114
3.0813872885977185
3.081955456137799
3.083367444072745
3.0825903721469237
3.0895858527320206
3.0817674228706067
3.0858858990639226
3.082963403648555
3.0812038888366566
3.0854992847295457
3.084745513554879
3.083367174290874
3.0851078779034937
3.0797633089703664
3.081676532202002
3.0827365223682985
3.0834983596132117
3.080856195605554
3.082224480208758
3.0850762195176324
3.084771686105602
3.095968637834523
3.082233713025805
3.0829776766488193
3.082696882367654
3.084853845945498
3.0820129056347896
3.084802832914766
3.0828214962041565
3.082419349422595
3.0829778287981187
3.0833807728772697
3.085606247840218
3.0793294646714298
3.084260488537568
3.1069303325208653
3.0830691943517627
3.0806572015133526
3.0821177417792045
3.082851742582213
3.0838661298681234
3.081322576660732
3.084235274773887
3.083728898738028
3.0857571067257004
3.079245918285242
3.0794092596248746
3.0831047502283173
3.0846280708725002
3.0814202101492625
3.0828478605375804
3.0811918430038743
3.081014915036588
3.0817288595040977
3.081745588202692
3.0826174307518355
3.0781747877957564
3.0816003044103395
3.0817837036779565
3.0842599671572075
3.085739108253285
3.084810589897495
3.082382432256378
3.0832765725965765
3.0829907874304165
3.080675906729118
3.0837090412451995
3.08326165221978
3.083628501074207
3.0821575513480433
3.084509167109164
3.0846331784024494
3.0834168372705446
3.0842282360027027
3.087998964624177
3.084224659049911
3.0858801124662545
3.084434567219031
3.081265425663517
3.083381785212084
3.0842932733120954
3.0843612493824515
3.0822255532284344
3.0848150790882887
3.0890331562947395
3.0793749077770327
3.082208128988465
3.0847276791773885
3.0816433359743054
3.0854881482440155
3.0866087164139118
3.0814173928718693
3.0834889929041807
3.0814849082920897
3.0824433373091047
3.0807979896653737
3.081964650145368
3.0818483898676887
3.0838614304987333
3.092612966986575
3.0856746685006207
3.08527200253497
3.08030690338214
3.0848161738959776
3.0814149357698826
3.077401143996548
3.0872990751802667
3.083076575239927
3.0847632587732887
3.086931559154828
3.0823745115835
3.0831132926796987
3.081197439515008
3.083539546114649
3.08284498718389
3.0821173251562834
3.0818533983211
3.0814853438009853
3.0801157157823784
3.0856042479919545
3.0836391171597595
3.0880776462841393
3.08494016687835
3.084292610099642
3.0855759775463527
3.088108785101689
3.081551683684126
3.08434962277712
3.080374822819253
3.08194997293572
3.0849220718512163
3.079947977040338
3.08592273628574
3.083225445056412
3.0832896291002627
3.0840118642428025
3.081273516117755
3.0810552269552143
3.0832190409807723
3.082796515193847
3.083827526881699
3.0797659168840426
3.082169320615931
3.0830286799158415
3.0822445765836353
3.080622113001761
3.0825627512034894
3.0834021352153695
3.084189119010037
3.0851422393907013
3.081624217882019
3.0856868897809417
3.082057063439327
3.0863953637759325
3.079866135925431
3.079831002373583
3.082425909539532
3.0846894446995843
3.0805822190081096
3.0835915206999767
3.0833998321703517
3.0818985235525873
3.082237854385002
3.0854205666827026
3.0808244062388144
3.0826450461659403
3.085479340745372
3.083809968640632
3.086403463905971
3.082290261458015
3.087752263240377
3.0844486582616994
3.080893119980804
