sigma=0.5 time=578.779000043869 num_mc_iterations=1000000
3.360538951708416
3.3479489566831937
3.348670246365499
3.346815037713254
3.34717907503045
3.339893369952343
3.3408088640982885
3.333928158834967
3.329571605515452
3.3298661780017005
3.3415693163129445
3.3273750758381295
3.3214323352651167
3.3283072105822944
3.321761005730455
3.3224225961751586
3.325055440684354
3.3183705489776707
3.319534283440104
3.3171332498498622
3.3135691336589903
3.30980362370981
3.311926583529907
3.3086879060690286
3.307550488609165
3.310619159217416
3.304140676249939
3.299071184555361
3.302254892003449
3.3007611925338374
3.2978210907649212
3.299259376990066
3.2978996099835074
3.2945016870749573
3.2971913212433823
3.2921629860105015
3.292203877497345
3.2906275378252223
3.290263791762779
3.286291868419383
3.287519590345874
3.2838820949151124
3.286669492443046
3.285716463698052
3.28449984314022
3.2838033304707266
3.2792743121486856
3.2939114438861026
3.278617243110049
3.276587063231803
3.282818906749928
3.2798331616418945
3.2755633673663413
3.279404158236578
3.2727601772706745
3.276886105435275
3.2783162059868216
3.2760278332819803
3.272789079854087
3.2732139091903787
3.2722549070779214
3.268925627907268
3.2684570525414087
3.2678081439570383
3.270303764039923
3.2695238800389954
3.2624894473583597
3.266610357563941
3.263456223980951
3.2676698078958375
3.2661244461560246
3.2635496117598803
3.2701943854053765
3.263942060624892
3.2604070243600085
3.261898163260171
3.2598551832090457
3.2588371717047635
3.2639093984302554
3.265329256213223
3.2537483416147692
3.2562918056455774
3.259445823977283
3.2617329838780456
3.253424966869892
3.2563126063526715
3.2576560677219204
3.251575961894855
3.255620356038532
3.2561836669479276
3.258565807014055
3.252980635519966
3.252770560549357
3.258377299090705
3.2539252272261043
3.249705254181536
3.2489620142994053
3.2601937063538005
3.250829691403485
3.2527453587628052
3.2519335512213234
3.2488759288169513
3.253407948876703
3.2535189893157925
3.2523364016336482
3.2498985020712943
3.25075986419456
3.2528415177758454
3.2478863468559944
3.2474920987688005
3.2436487208896736
3.2492064068436353
3.246912977186033
3.246650783223528
3.2461168225769583
3.2486294649317093
3.2460191396082125
3.2506945676155876
3.2478330324995883
3.243084459571795
3.2486637984574505
3.2452975737881946
3.247537844682514
3.2381304428070625
3.243630746994901
3.2436838473558063
3.239855755141756
3.2432925864826956
3.2467417257574733
3.2490822574125198
3.2393571499015725
3.2441670664747244
3.243345358592498
3.2466920542196998
3.238219929036009
3.2376437805036455
3.244376543091325
3.241414830424935
3.241469631404495
3.241490607070925
3.2416941213626607
3.2359212688181276
3.2433728018993664
3.23879500065398
3.240419196522413
3.237317889763995
3.237910811688024
3.23642849706902
3.23713320405391
3.2351903129502615
3.2376868987314036
3.2389426695960255
3.239454970722672
3.241676896448385
3.23713104814747
3.2401121286023082
3.235030823133049
3.2358552510460985
3.235417715010835
3.233493827521598
3.2410450716454817
3.2312058222593767
3.235364111897633
3.2361440290835284
3.2338085622886004
3.2311705746326647
3.2357937909941863
3.2346397933535385
3.233854543797888
3.233344880109836
3.2349614876968307
3.233738974412084
3.2332625538685904
3.231187552512036
3.2365091067843967
3.2284736361384003
3.233049010959782
3.2305822702542977
3.2349286107834248
3.2295996771887374
3.233053492942827
3.2281602091428843
3.2300164655975827
3.2321020428138896
3.228787859765551
3.2349410614553875
3.230083048545702
3.2287861093358314
3.229862764161745
3.2349041857210854
3.227274246851587
3.2339861812604385
3.227630610056127
3.223662111647475
3.2288448904947202
3.230576686584564
3.2306698480901685
3.2335072035401122
3.2340785596116066
3.2290327750815533
3.2308353419941227
3.226955275493602
3.2297953299823536
3.2294389088289948
3.227424599409492
3.2293594381470556
3.2202797361937194
3.22582339152052
3.2283210919265444
3.2264701226767984
3.227558703222053
3.224216261397641
3.227249668676367
3.228765263419125
3.228867061169853
3.2264605915302114
3.22504562921757
3.2217373957075046
3.238010606885152
3.2298345167242353
3.223243736933771
3.22569123939395
3.2258290427345355
3.2240962701284483
3.222579184911115
3.2257359204902594
3.2234761402825893
3.2234264577307443
3.222892264665171
3.2227046460406368
3.2215260339994236
3.223703709942595
3.2247245771924473
3.2226130925373315
3.227214989991587
3.2221842319013425
3.2177067542098787
3.2228401936436124
3.228173316930133
3.2675656825555803
3.2276587732732405
3.2247672086825117
3.2193692754611125
3.223496678789618
3.2224302260490485
3.223683906876716
3.218943747330259
3.2303711066098657
3.2208672995384364
3.2229014950056425
3.2185081910237656
3.221578432933321
3.2213019647327656
3.2247662048363717
3.2232981345825964
3.218785999222479
3.2186604957982143
3.214724190470475
3.223075387402806
3.2206771193058334
3.223596077878088
3.2200224188773587
3.2172347169702817
3.219190247707553
3.212583376195973
3.218792172389621
3.219721637113524
3.2188504686490584
3.215437393031085
3.2194229626795914
3.219750925878549
3.214789387462026
3.2153586295015213
3.2189432166062275
3.2214551752674545
3.217300626330878
3.222010224828821
3.217192072470809
3.2122813840564213
3.2164903074967017
3.2124177073290325
3.216249147362165
3.2200716131829665
3.21374151013936
3.219047580461589
3.214966979486969
3.2182382417885482
3.215640717746648
3.217613878332021
3.2133531957851873
3.236306902246047
3.21335356870995
3.215467954260284
3.216003394541108
3.214298990664497
3.211671555106207
3.217781784268569
3.2142141681006904
3.211312377513352
3.2159244021742293
