sigma=0.5 time=594.7369999885559 num_mc_iterations=1000000
3.360538951708416
3.2344153996107177
3.227882697790798
3.220181158798138
3.2056977134227465
3.2006632512548636
3.1884401895987935
3.181697458325237
3.1760468890756415
3.176703221574394
3.166668836748443
3.1619072990358124
3.152937115985209
3.1501185413921506
3.1420759841863877
3.1301317906039348
3.1194355946644396
3.1143136088919743
3.106011123717285
3.1079185148692683
3.106201366384992
3.102002937414463
3.1004709863015125
3.0992716370848505
3.103615621160787
3.099991494562496
3.104612558088744
3.1035171275672147
3.100947417568995
3.1023791676561467
3.1010098956708294
3.1033255946283744
3.103048408646907
3.1005327420258406
3.1017719202664784
3.1000024694061725
3.1006954957304
3.104769219540185
3.099215291478021
3.1017079320948797
3.100331143765886
3.10234362353756
3.1002507063185085
3.105645753885901
3.099699156405707
3.098570410501957
3.099546030391337
3.1006471890209015
3.0980796377401556
3.096821177158031
3.101101921900219
3.0983495731408985
3.100135127064684
3.098366484910987
3.0980252331963145
3.1021623681299015
3.100536875110717
3.10147625304973
3.0991559377364544
3.10265294107659
3.1063310552890266
3.0959935817948283
3.1002423291773296
3.100598676925795
3.0993905629375544
3.0969521242228466
3.09660688926493
3.099553695009354
3.099546488857605
3.0986318674752047
3.1014526521783794
3.10102323215736
3.1010754591569216
3.0965967600196445
3.100588696393281
3.1038129348858803
3.0993155204105776
3.1047655417827187
3.1002658972239145
3.0974468554812407
3.098110643639475
3.100428200310879
3.1005528503504873
3.104160025800957
3.10071428399197
3.102072882970115
3.10992735275096
3.097145819146896
3.098318296451427
3.1007918724861576
3.1012760167707296
3.0965518182839347
3.1014008334896075
3.0998545707122354
3.096799898613462
3.101033728919199
3.103167073097702
3.100145381598427
3.0987045427556517
3.1022982750444594
3.099576383800916
3.09540214695355
3.097181145385168
3.0957109155380143
3.099273692883096
3.101199519934406
3.101460926444423
3.1010160484291314
3.0969613995156733
3.099582324248841
3.102708986315213
3.098372067929011
3.0981139541196114
3.0995347872394516
3.097605003787479
3.102487370135336
3.0995676955822216
3.098256245210862
3.1000440675376706
3.100463675800378
3.0969029215743626
3.100147512281988
3.0972207637482505
3.0970241797516693
3.0980075978616735
3.0950079807625923
3.1060601257604086
3.100402410925542
3.0974849897551455
3.107828810960556
3.099279055267219
3.0990210384859433
3.101399398088228
3.101350957945942
3.09921388323263
3.099353757390809
3.0992448433225435
3.103933174565402
3.1000074258288612
3.1045937922493025
3.0975272491547248
3.102030119793614
3.096417197470678
3.098916903466811
3.100435423208653
3.09853085620067
3.1000066511050077
3.101075580477856
3.103468078794409
3.1005818717870492
3.0983614645149578
3.099595786660948
3.100104596738608
3.1006892486902005
3.1002436742557777
3.1017904769031865
3.0957672656400463
3.0987307412711074
3.098274321623825
3.100741149023567
3.098940868588253
3.0971019421177046
3.1002901422862084
3.099978807446652
3.1045973586373137
3.0987095069159256
3.101907179624548
3.099425866059749
3.098047086132322
3.0976658126677723
3.099946440213555
3.1052261508265997
3.099046031937956
3.0996051232683044
3.1011476571669987
3.098212035248011
3.0967137325818226
3.099707106787168
3.1019789622528773
3.098389008041144
3.100131445407587
3.1015997049150004
3.097397364316901
3.100175403115219
3.1001820975883754
3.0988972921610305
3.1020183587381025
3.1004280438136846
3.100126163112712
3.101075370455058
3.097308100939552
3.1016678417221404
3.0972801210950123
3.096631765114
3.097324939159768
3.1026839079187174
3.101319447570417
3.1025500728241266
3.1049005227651825
3.1004788376191743
3.099074219193784
3.1013559349875934
3.1017106906135994
3.098202658770174
3.0999663136862856
3.100921154636992
3.098925364188277
3.097874731929012
3.099880612009295
3.097934410075535
3.0978479773533576
3.0987979755217565
3.1010034285139816
3.101593832949243
3.1030522455882146
3.1026106322689446
3.1016813192860617
3.100249968929522
3.0964387815436787
3.1003192016130514
3.1016987895694115
3.0979555738585116
3.0969564946444152
3.0981235538326244
3.1015931834409805
3.099672975939822
3.0976133810996136
3.103477896772944
3.1007345463714175
3.0977678003187297
3.0981594117162996
3.103159175902597
3.0992812747575327
3.0961082435668015
3.1031234321002708
3.1006243177919535
3.096496825781513
3.0974000174380696
3.098769260908419
3.102288939069999
3.1034144655605633
3.0990022699974173
3.0997062093213743
3.0994064399317085
3.129878400466763
3.101863509610413
3.100786638018417
3.1007121671169053
3.1001241425688773
3.1038018533924645
3.098730794078788
3.0986152893504326
3.0960268737537433
3.101395154251003
3.099340369446551
3.098955752471545
3.099010187501551
3.0967567638963254
3.0998978644380446
3.0998103480060393
3.098667205710954
3.0966365465845516
3.0993670118563093
3.098929149157004
3.1003658559755514
3.101690111043177
3.0998414638248843
3.0989523052334884
3.0974878669713797
3.098318126560062
3.1008506093686767
3.101053201094836
3.0989255741002095
3.1031588414836606
3.1005350173339257
3.097561058558371
3.1011823324034147
3.1034442146329857
3.097760942946343
3.101482631067033
3.1008314194703583
3.101194377703961
3.0957345784162755
3.1003744985851664
3.100571698318716
3.097153812503206
3.0978103943928885
3.098412998049223
3.100156254509071
3.101636289437617
3.0959441502434797
3.0974577607458524
3.1041831481739783
3.1000523446211576
3.0953811146661314
3.098533360069446
3.101527325269023
3.100614298595209
3.0977609838423708
3.0989907039999345
