sigma=0.5 time=632.3719999790192 num_mc_iterations=1000000
3.356097386113028
3.2493036391884837
3.1990807084757
3.1631975118469295
3.1435799372071953
3.130169918704936
3.12083293063678
3.109609666899422
3.100275530474138
3.093425665559432
3.0878596621215104
3.084475356788067
3.0822857669128996
3.0838632260229097
3.0824840827215563
3.084271616325217
3.081269185920606
3.083902789630127
3.0821409264433255
3.081212794616549
3.0861748311027837
3.0822228391809827
3.082984903621094
3.08436177240744
3.0834114961306223
3.083072472508953
3.0826769708391217
3.0843680897883217
3.0860633358265512
3.084344750725992
3.0839389628420384
3.0819485177636565
3.083548510157689
3.0851280618729824
3.0849465892409964
3.0850358496377317
3.0806901125125288
3.080679574082596
3.08426350163734
3.0800523887255973
3.0838602863527105
3.0828565330919004
3.0822827150509795
3.0834823635008086
3.084236616304719
3.0847560152143436
3.084583142717111
3.084427003085157
3.084247950762485
3.079931637352313
3.0829181751149317
3.081941842272067
3.083031877270121
3.080405320076592
3.084420479388525
3.0859686115814147
3.086419919511264
3.0843883817711455
3.0837794355445176
3.092196354398344
3.0842057430946923
3.0820205856674865
3.0811029090293625
3.081675132032253
3.081127932697508
3.080415912313507
3.0831941667324263
3.080583352534329
3.0863786515394964
3.0787586067757395
3.082950299210419
3.081791931340817
3.0851200651314277
3.0849798356074736
3.086493046018194
3.082356599440206
3.0867041745923
3.0812299121636877
3.083179184044315
3.0843017522050826
3.0858371066643806
3.083350084220284
3.0823845849600837
3.0891235253369707
3.086985697408597
3.0827126463330696
3.086435487724462
3.082808118759016
3.085756509991268
3.081324966205341
3.083739649233656
3.0837746159283883
3.0842787248672163
3.082284918418948
3.0802897447490403
3.083790818553159
3.0831150722825353
3.085331454573007
3.0815051718130992
3.0801144462179626
3.0825681392772704
3.083727282155382
3.081637564521726
3.0810924798559878
3.084071930621085
3.085858576969274
3.083893808688254
3.0834654564296784
3.0817894097360146
3.0812004452098387
3.0807665723330264
3.081873468346027
3.084131065149679
3.083857384123429
3.0822674194915876
3.083745311134287
3.0794616286362624
3.0801430528037232
3.0822702411721408
3.0831530873887774
3.0819323134365644
3.0849189229684475
3.0856099710877327
3.081495874291002
3.084416244681239
3.0872234387660207
3.0854988902559715
3.0805143504347097
3.080102624731049
3.081416223949487
3.083179966659429
3.0842615802564017
3.0846645377255735
3.081569789292082
3.0848556759674404
3.0835540445003584
3.0870887514059793
3.082091558272504
3.0843325106133324
3.082126792677992
3.0810594902269877
3.081062965932441
3.084421208370138
3.081799603290285
3.0825252478313163
3.0836610802562032
3.0820212750772433
3.084990735239465
3.082994964214517
3.080697448509543
3.081982146898188
3.080235533504723
3.0836759283710333
3.083125750415592
3.082773756277208
3.084096429728599
3.08631667517921
3.083761274300207
3.0814938654382678
3.0843812903590697
3.081952312679299
3.0843136833172493
3.083594418728382
3.0815645831760743
3.0819382569366556
3.082783568809335
3.0875654470345992
3.0844810689991853
3.0851621309419857
3.083749415699197
3.0803400868852364
3.0837776484130206
3.0847413851569248
3.082262858790276
3.081235008813586
3.0836966494265323
3.0846689947841064
3.084213971058758
3.081338146937212
3.0797542953984363
3.0822779500501944
3.080273295056337
3.0830642270317465
3.0824502033895445
3.080615346698467
3.0859524550408786
3.0812389155727273
3.0863753210629943
3.083783093807636
3.089354657255672
3.0841916002075487
3.0813496914528558
3.087568285932806
3.084793126567216
3.0895272497205504
3.083082790248423
3.0823789641253807
3.0811975181112228
3.0821607050838145
3.0806458004373947
3.083962994734341
3.0849817199452754
3.0837305647699917
3.0812245636442257
3.0843507234098477
3.0853619244634727
3.0821429131688522
3.08262080202852
3.0843178847189883
3.0831448804837915
3.0845703233669224
3.082580030175524
3.0848489898881284
3.081801302250192
3.0817875579967384
3.0881074535322224
3.0838660879748176
3.084761279889012
3.083519162972529
3.0832110445264527
3.082492649846705
3.0807375821994354
3.082992378912568
3.089757131180271
3.08519179267118
3.080030124674627
3.0855677516709883
3.082946684469277
3.087097417908637
3.082208906466763
3.08340964665407
3.0803195407220425
3.0811112797231197
3.0879336434031974
3.0801480146389406
3.0842674095699922
3.0880588621625606
3.082617054061764
3.084769667367178
3.0838063911507185
3.083139083892032
3.084292282819153
3.0828185579051564
3.0852560178275645
3.0836032643269022
3.084322506142497
3.084783153679117
3.0837135239320896
3.084789954164992
3.0863550873170142
3.0857604673039982
3.083755867516362
3.0821018920699506
3.0812783279261353
3.0810319533692985
3.0800442717118757
3.086493234326086
3.0815615007710333
3.081515640245801
3.080795634857302
3.082127721807855
3.085826179056493
3.084600936386615
3.084982395272985
3.0843743263311443
3.0834671284638575
3.0846044794817544
3.087420106579474
3.084097502433999
3.0825791162792364
3.080218666522141
3.076559144956812
3.0818750665311594
3.081714311031269
3.088609852039539
3.08110387266053
3.084721635239305
3.0840409117239465
3.081537611909329
3.0859085479615094
3.084970550120718
3.082846533491334
3.082145508690649
3.084806796114657
3.0849196759214745
3.082467578705226
3.0819159292461493
3.083789212668671
3.085233489832558
3.0838247345856287
3.0862943414950945
3.0826805777941346
3.0826610305508138
3.0827982404316283
3.081430794976329
3.0844744362362078
3.0796451699605014
3.085723843619146
3.081656700492211
3.082794771676601
