sigma=0.5 time=716.7759997844696 num_mc_iterations=1000000
3.260941291363048
3.235602054398113
3.221413009181651
3.21141514534014
3.2030885313915696
3.19771975251074
3.192279618524887
3.1850727444744944
3.186566146710019
3.182487223665938
3.178442744094867
3.180248298655421
3.1727187782445054
3.1722282758780853
3.167346044606358
3.1688267453439134
3.1647191679079096
3.1669445743634905
3.1645601032966146
3.1585472269026975
3.157735151508987
3.1566641295842275
3.157029592156688
3.151801810213163
3.1528978957592493
3.1473697979701174
3.1512551327109977
3.147770074420144
3.1468955212977825
3.1510054367786386
3.148275793517359
3.1443553373940367
3.142004622945801
3.1389669738655854
3.1391834709235327
3.1351358754911645
3.1351763759752465
3.13429186687039
3.140156975395956
3.127301974009699
3.12978206368456
3.129335345242379
3.1246707496281547
3.1260781266141624
3.129545362941162
3.1298520468937645
3.1260185282269464
3.1239467044710842
3.126941144612688
3.123819759772218
3.1177788855037827
3.1192045491196203
3.119554551039395
3.120854980934606
3.1194038924300562
3.1225801658332166
3.1194541071391035
3.1184562076339937
3.1178310055167504
3.124935186649649
3.1150285057003306
3.115179214592936
3.110516033957993
3.110433114813321
3.11223353605079
3.1119796679962715
3.112892510710631
3.113064875208051
3.1144535131274105
3.111072467419955
3.1158348510908285
3.1152048162035344
3.107023219572624
3.107530325710711
3.1059808985561466
3.104318923367775
3.1084539064364023
3.1042910881625954
3.1070034254300056
3.1040642389090416
3.1026532027082596
3.103676662273946
3.1009475797933743
3.1040746826930987
3.1009043854881018
3.0987379902583743
3.1019566860802232
3.0991293002917133
3.09830898534428
3.099319989037556
3.0955251074512056
3.1011789753564325
3.0967986454738323
3.095863433560763
3.100261925171695
3.0957941127378916
3.0967764470163526
3.099544835393468
3.0943139465698972
3.101888833169831
3.096202504655001
3.0945370199431155
3.0958115085082083
3.095848206027498
3.094077999473599
3.0944472560530234
3.0977271368072903
3.0966858759379123
3.0949792661306748
3.0963289749010685
3.0937126505663066
3.0917379289485507
3.0951855749122243
3.0968223295270345
3.094066587382137
3.094991318865439
3.097645417390705
3.092941803201939
3.097591758033264
3.095449018336368
3.0920502635875713
3.0971146470790862
3.094931657307779
3.0936628780577395
3.096737761444074
3.0920157892316387
3.0905051935931525
3.096853832035008
3.092911047773875
3.094810510991134
3.09322356006153
3.09386935667584
3.0938463797444937
3.0986098636029666
3.0918065174996023
3.0901972935161974
3.096906424142202
3.0934427996669327
3.096710086926026
3.0972279591507332
3.0956969736529363
3.0934108917829826
3.0948082517502042
3.0909680395632173
3.093735174685983
3.0932494861168363
3.0962081197085003
3.092774748390495
3.092295905925506
3.0921416750748496
3.094158005772133
3.089906141785592
3.0960897844990973
3.0943432272175184
3.0956703884843275
3.093232819949384
3.091837053425396
3.0923486547707824
3.0912640579160886
3.0935856371415733
3.102366176084901
3.0986695407497655
3.09248801933736
3.092805863053143
3.0907842585697605
3.090473663387911
3.092015088840358
3.093919871382092
3.092309998189595
3.094625032089656
3.095966143991311
3.0940700906880383
3.090268292123566
3.092563446494408
3.0908143232836043
3.090299402942741
3.090438848803409
3.093043622299442
3.094315367196614
3.090302007935142
3.0910605651339704
3.097663758748745
3.0932376444052996
3.0950152186294786
3.0974735805698312
3.0925615855672732
3.0922343072874665
3.09199008753142
3.092991238876515
3.0945284266572384
3.093259462040449
3.093494152018031
3.092700982342856
3.09404114892867
3.0965274915920427
3.093042006688822
3.091703253557164
3.097482129251041
3.092375111843623
3.092765645483255
3.0957472623019195
3.0955953862682684
3.0934497952361637
3.0924560084636616
3.0976258443428155
3.095774263820867
3.09656022027484
3.0908802939376607
3.0929866263430332
3.0947909385893695
3.0955186889048227
3.0908632276855235
3.0912658917408873
3.094152524632083
3.095179625626912
3.09010356071572
3.0904993977068753
3.093973427911029
3.093198383325576
3.0923766114511393
3.094264657030638
3.090403244784324
3.091831989887919
3.090812365979575
3.0905213357298766
3.095730204542159
3.104908878537602
3.0920896293043865
3.095214298744519
3.092540639225649
3.0923901502937636
3.0924991631022443
3.0929609562691405
3.09456980336325
3.091360491219537
3.0946522124586124
3.091167641032409
3.096256789851356
3.090380495763223
3.0971084358317933
3.0924687302531835
3.092115710522971
3.091214101308674
3.0952672655862954
3.0916401943208314
3.0966255282623125
3.093932554853946
3.094011956256042
3.0961077988374583
3.093237570470403
3.0919467538989225
3.0996145454237807
3.093292577626079
3.088895428193631
3.092630716522382
3.0909543706089164
3.0898094808092487
3.0978523716772157
3.0908320591491214
3.0955581867821564
3.0930738726058933
3.091312195579189
3.0918997763374265
3.094489351544628
3.0899285854005356
3.097536913733478
3.0924620028154526
3.091618858591867
3.09100002793156
3.0937858454564497
3.09706267086897
3.090579194911002
3.0939087837457495
3.0909818851438646
3.0931731393017934
3.09001442661172
3.0910844588464057
3.0931749796449894
3.0954418090775
3.094605652232142
3.0922592742782413
3.09007066284054
3.091857181217899
3.089937511017104
3.0941677140881225
3.0922857921693434
3.0909333745400254
3.0894704024661763
3.0921303776227456
3.0907378716630753
3.090962687443194
3.0949103944519165
3.0965954056976077
3.0903887078844963
3.0915254624721267
3.0911601427758253
3.094269787370823
3.0937213203149208
3.09186860557211
3.0912410666054284
