sigma=0.5 time=639.9679999351501 num_mc_iterations=1000000
3.356097386113028
3.348907804410968
3.3476983684775514
3.343686384487104
3.3365285760386976
3.330572257335026
3.3306763437128084
3.3242507585052627
3.321670457663715
3.3173897313893845
3.314755874218274
3.3132399323418262
3.3066528621158655
3.3067374023876432
3.299385021388147
3.296512501694193
3.2965322096202785
3.290006098257625
3.2909441618791124
3.2958886559675307
3.28762199532124
3.2805338752703896
3.278724826521871
3.2791042961206496
3.2786554860802073
3.273565363212795
3.269394939220787
3.2693573524663195
3.2690534760796246
3.2675795476858043
3.263947021171855
3.2602979697376524
3.2620667354120396
3.259384853128616
3.2584828993296813
3.25580241927433
3.250248274862392
3.2495471595065597
3.2492242537765277
3.247921061294436
3.2461821515842413
3.249121889532482
3.247991838660163
3.2436851299916056
3.2403610913126797
3.242732209896719
3.2418175801152462
3.243225703862224
3.2377582547466566
3.2373066548914435
3.231733558695085
3.23390530705164
3.2358438065827513
3.2338374684320152
3.228108651440231
3.231515935511855
3.234058714619231
3.235416088686171
3.233332912540602
3.2384048442732505
3.224548130984266
3.2276149377432377
3.219686787568861
3.2230085358848872
3.2196240957364854
3.2221816579412104
3.222738576779867
3.2185961782352064
3.216512238033832
3.2215951706250476
3.2159426390968777
3.2148867364110445
3.2144424488332475
3.2166149585935275
3.2142583961314144
3.218901746650916
3.2170155261748983
3.2112502399969904
3.2171373051540977
3.211602647590847
3.214709489981415
3.2168356164844183
3.2083706741957063
3.208547399668517
3.208776198252149
3.2083135980242226
3.2077725226017426
3.2079285848713965
3.2042546354319734
3.2056742234620432
3.208559678367984
3.2069912017197146
3.206460530348361
3.2105771076721368
3.2042428885556875
3.205311992684887
3.208176553768327
3.201786545054023
3.2005989695317836
3.2041599825429237
3.2012487507872205
3.2015856913917697
3.200634864290213
3.2003740785870614
3.2036894257006976
3.1986737923009683
3.197771707920225
3.200849010048113
3.195277776664588
3.196976452543094
3.1958800508127845
3.19427043302707
3.193750548631392
3.1939023684471106
3.196879273159567
3.198055036306086
3.190890859331096
3.1947287835118194
3.1943034983084213
3.1944372937518457
3.1921960054568888
3.1923759177769644
3.1949294624506104
3.1888149497932115
3.1967083243980143
3.193030924565637
3.1934507997916146
3.1924115028658564
3.1907093950744563
3.1912877449028283
3.195015678521856
3.190040592763906
3.194250817108364
3.1958778994496706
3.189021651103265
3.1855649012925156
3.194222640439763
3.188542924681079
3.191736274779212
3.187956908689711
3.184583814407107
3.192289185468171
3.184179123689175
3.1895231678193547
3.1849651377576786
3.188856467727616
3.1864836642517713
3.183282000626501
3.1831556724936783
3.183300163854638
3.1883046482297006
3.187065694679692
3.1844054993037356
3.182692883130724
3.1819914694841374
3.1820969155125227
3.1828083940984557
3.184738032315151
3.1822994931034914
3.179864117532304
3.183703967171242
3.1876815233633926
3.184313588488777
3.1833990680378936
3.179259409850471
3.1827984190062413
3.1844143230384194
3.186097892390769
3.179729571304168
3.1849809575397687
3.1765974479525187
3.181180099719918
3.1806420517896323
3.17876136446108
3.17689784359753
3.178611646399161
3.1764033063044574
3.179902117211033
3.1783799334990808
3.178823014565369
3.175186093037129
3.174160394181292
3.1757082460630057
3.1794221082577345
3.178644958622252
3.1808143808770764
3.1779497797740643
3.180204604282557
3.1822198876321224
3.1785273674131354
3.1765519512509415
3.175659637578327
3.17691835090624
3.175269500560754
3.17335166626512
3.178300887387129
3.1739267132577624
3.172989243278434
3.1710340389372176
3.1765501462614423
3.1718366089407017
3.1727280219060243
3.173859537823497
3.1711685619366397
3.170562755685269
3.1756519645095724
3.172699938566826
3.1735439478556233
3.172830634312073
3.1746342537426533
3.1754373655202084
3.169290289990496
3.172797089035833
3.167952977537601
3.1773948611680494
3.1693549529077916
3.171970352558266
3.1694388315392006
3.1701048627704185
3.1721498457879123
3.1706206413159816
3.1694413882460633
3.1699602906794087
3.1699476020277957
3.17165570011449
3.1720263587445836
3.1720990400311875
3.1691415126712554
3.1752996463528977
3.169796898226977
3.166021194472737
3.169019204188974
3.169917662716319
3.169145093339975
3.168842526835824
3.1732117780589477
3.1701876739391865
3.1664913801932317
3.165655760505405
3.1691867943600984
3.1639757191999287
3.166370061812896
3.1703566636737244
3.1696853278624304
3.1664163937257648
3.164648039344176
3.165960628506203
3.1752089822449516
3.1632675890969937
3.172449783807139
3.168019978295693
3.168465654206071
3.167748211253141
3.163803155599717
3.164291645611389
3.166838715612145
3.1677635582718175
3.164991519417318
3.161307956781336
3.1632867759133663
3.164682241131611
3.163861107199653
3.1625309605569365
3.167205920101465
3.15998377764896
3.1609894619008148
3.1651492683673403
3.1662750968621287
3.1636700879271094
3.1645802203913016
3.161704777173158
3.1635965449228607
3.159224753699135
3.1604549477336397
3.1582345839690364
3.1609107141257433
3.161885244708104
3.1646466044909616
3.156680686482875
3.1611704943166576
3.161549700447853
3.1586557479454886
3.159391312358315
3.1642326313140767
3.1610519391821925
3.165203781341837
3.156660470310902
3.157890261871291
3.1587428507191637
3.1592115171565123
3.158840682142978
3.16307131268764
3.156604526494394
3.1599097112142998
3.157324324990668
3.162322380735745
3.161176771654356
3.1587452185807905
3.1531607250917295
3.157907881390772
