sigma=0.5 time=657.7679998874664 num_mc_iterations=1000000
3.356097386113028
3.3058920357318993
3.279418114303654
3.258968817333378
3.2423144120063525
3.2303539958165164
3.226236411491254
3.213330391684274
3.2066360575064494
3.2030163171282404
3.2017832331468536
3.1928029445386725
3.1923204734635307
3.1896792520848227
3.191341418075474
3.1827047639792583
3.1872187363858666
3.1786982648096487
3.1801703772116965
3.179349943926426
3.172387034911432
3.1686995560742877
3.170309916942141
3.173229245453802
3.165725554412132
3.165710289104077
3.162772747965569
3.162151017824651
3.1607947930366085
3.1619806781531383
3.155241827421174
3.1542633394351522
3.15398372453037
3.155614363354074
3.1529544696707346
3.1483576372298674
3.1477786418579403
3.1493961258575913
3.1447829168781736
3.1492285815765637
3.143020048803192
3.1472016500632445
3.143220248114176
3.1386072930876305
3.1381201307028834
3.136988979948232
3.138835454293089
3.1381539004682764
3.1366468508344925
3.13267510481828
3.13046139352148
3.1349930302471263
3.1315212550024936
3.1335343673593252
3.1286148112486827
3.1276934866673796
3.128925453126147
3.12895119580115
3.1265662433703327
3.1317672325278876
3.1215392166583182
3.1204345184534916
3.117932265468211
3.1194553321000007
3.116783604441712
3.1178103904097347
3.1211475926306447
3.1130568320584358
3.1191082947591906
3.1150868000584993
3.115459795284551
3.11409983316496
3.1153605244464098
3.1078935793775413
3.10879647084012
3.109505438309314
3.106594459472404
3.1130066610834572
3.108584581959282
3.112733601426936
3.106271733779387
3.104278830952519
3.104109321962282
3.1039009338880517
3.104210043389864
3.100646107154421
3.1040520222081303
3.098232510008874
3.099739008497494
3.095806287599393
3.1018720846054038
3.101381231435226
3.0959738462516055
3.0943590381906967
3.0922130797734293
3.096961883386481
3.0939723968400528
3.094225339075373
3.0926135751160624
3.090074225065227
3.0915715298620943
3.089892054479664
3.088740755142352
3.0932308343320964
3.0899054880655483
3.0917639303614974
3.090527679622716
3.0885768631800694
3.085708168123514
3.0865525833213914
3.0908899004277783
3.0883715051115495
3.0880149396213508
3.0903423085455333
3.086196356239033
3.08983225318652
3.0843559404959198
3.086812944630313
3.085003898771676
3.0857285161925154
3.0870117756271465
3.0862819302967424
3.0870680454143375
3.082502517019495
3.0900121269781575
3.091876529336892
3.0874802320425014
3.0843646133468896
3.0828369933415667
3.083317236798946
3.086959988535338
3.0877982725218636
3.089686625565
3.0866511590141887
3.0859647171514766
3.08728831547338
3.0875697600123404
3.086921555792443
3.0861763392894295
3.082325637225895
3.083684284068809
3.0852035962572617
3.085997617098421
3.0864902159453766
3.0835435560216418
3.08245305744383
3.0844656528170473
3.0838427700096953
3.0824882465182313
3.083726647694649
3.083349795314261
3.0831697117924652
3.0844541162598293
3.0841366948264484
3.083962031604016
3.0840669193948904
3.086227328233589
3.083651353957652
3.081133228543602
3.081562171868059
3.084434415973108
3.084382780732499
3.081885044953083
3.0821287705066984
3.085508310439767
3.080646461549564
3.0879738289584435
3.086571356057098
3.0914502701175235
3.084756775089506
3.080724790684851
3.0847661796763672
3.0846497472327896
3.080703578219299
3.08268983298191
3.083961788183426
3.0841020457607162
3.093008407657514
3.083662551524799
3.0883067400407307
3.081365597541101
3.0833326656332725
3.0821130641064376
3.0844765853853553
3.0810817189506845
3.0832276581305735
3.0820850539623295
3.0837469967831312
3.083216300815195
3.086569917700084
3.084474836418861
3.0822485482389808
3.084336760334944
3.083562115868395
3.0885366556049183
3.082803513343586
3.0867223111365942
3.0810605281438415
3.089665907295819
3.0819785530380615
3.08289000618316
3.086529441748324
3.0878974410897104
3.080576917173872
3.086598361253231
3.084377530485786
3.0831962856948594
3.0840974403546433
3.0841284387250085
3.083397200692681
3.0834450683838455
3.0830858525472813
3.083431284976243
3.080314820001508
3.085078857343329
3.0872413205429137
3.0858122807782298
3.084082301927702
3.0871336327576566
3.0841885958043003
3.087781322702564
3.0845817441125463
3.0824648186235772
3.083499792250404
3.0850926839334267
3.081912652541948
3.0834926573412846
3.086676549633385
3.084769476851847
3.085135489091275
3.0898523599780976
3.0829970304734933
3.082839164206734
3.0870133620923297
3.0798796382071387
3.0856851191229917
3.0828257948612
3.082829241971298
3.0856239521860087
3.0830850076424077
3.082796462135982
3.0868987294260517
3.0834258269974617
3.0856771606948334
3.0838978366218086
3.086105974543878
3.0848792129539606
3.0837801122608215
3.0855422734972504
3.0912751500648867
3.0841289531578893
3.0872440943411834
3.083839385578389
3.0830054526157498
3.0849282834017138
3.0819278143071016
3.085354806645388
3.083646177507557
3.0811625417901807
3.0820518495676716
3.0813187250344414
3.085030268363713
3.085127690855537
3.083112503094272
3.0836577047262725
3.0850968786702886
3.085179143362599
3.083485536566233
3.0828998853031044
3.08285592599449
3.0822736308306538
3.079936388875203
3.084546538767843
3.0824572390559264
3.0840641218865796
3.08357125651807
3.0822109076062385
3.0824674838696207
3.0844786272663898
3.086742446133123
3.0862896668148876
3.0844464026068628
3.0845006239762185
3.085760488896823
3.082891531796454
3.0818316142756474
3.082800778197792
3.082777232837344
3.0849390389670615
3.088369035641787
3.0827044970203046
3.0808809286782735
3.0834262764208624
3.088938950114208
3.0834510925449186
3.084512123745259
3.0830623516312134
3.0849736369158016
3.0812422330223206
3.085613859060184
