sigma=0.5 time=577.4630000591278 num_mc_iterations=1000000
3.360538951708416
3.328390783314535
3.3125639890174194
3.2991928438436116
3.287065182594806
3.2761051712933846
3.2700211245884367
3.260490686927053
3.252571214028217
3.251429538087385
3.249503907077484
3.244755415673544
3.2366706893932973
3.2376148350167
3.2361041380042392
3.2368489757140706
3.235090805848484
3.2320362248899186
3.2315153752271657
3.226705031371961
3.2232518005563384
3.224344674720466
3.22588381433666
3.223033635149354
3.2206658478585477
3.2197437184822
3.2193585567628387
3.218765369917995
3.2172409459393587
3.214418531422164
3.2131210074833647
3.2157953570917535
3.213717516518803
3.211126507577508
3.212218105967851
3.208665719168879
3.2085201888342647
3.2075143659471075
3.2057570503751562
3.2066882381809774
3.203539377719809
3.1976624740327604
3.2018537365622137
3.1983990928331085
3.198762827334074
3.1972929864588653
3.1950501079949256
3.196391705315906
3.1925036338813695
3.190384307034827
3.191485292006403
3.192118723868125
3.1917810308702923
3.1922295051617966
3.190957681331682
3.191949485589035
3.19012330868334
3.18823067024815
3.1873777702373256
3.190922011809342
3.188983408613425
3.1855087297364113
3.18693256838818
3.185152034774579
3.1838365918274354
3.184236332673039
3.1798364473954
3.1804379192941448
3.183427403965001
3.183009033134677
3.1838875649575566
3.1916144392098786
3.182422618054018
3.1832609042206066
3.1804325493181764
3.1829524919485745
3.1805002403055354
3.181850787397785
3.1795695218945537
3.179103726477858
3.177090219600546
3.1812445732083208
3.1766347325254927
3.181406715192152
3.17730825478245
3.1780485256762927
3.176600534967537
3.1721588567730246
3.1768496599664555
3.1753864754777905
3.173051867882038
3.1698275354305063
3.176619016032103
3.1724709567549945
3.1736273003468463
3.1710941822289396
3.1640041674084034
3.169405629506797
3.169816515972427
3.1747142083407334
3.1682615107951224
3.1679790121261906
3.166544859819756
3.168743584815374
3.167940638482948
3.163704596716429
3.1639119200682444
3.16235770754306
3.162666715529918
3.159542102166138
3.1631279284747653
3.160818801704661
3.1593105678927254
3.159313257255531
3.1579071558259852
3.1613170581222834
3.1567898592347854
3.158498184695954
3.1565644046660983
3.1515934922833706
3.1542191444705896
3.1519148204216614
3.155137570068854
3.1476595385429547
3.147798059143238
3.1508031213966836
3.1472131784878083
3.1508068078711307
3.1478483940788027
3.1445129879540388
3.147708980513404
3.144215544192815
3.1470638553679993
3.1406978637145717
3.1381459288029627
3.1389017534548205
3.1369375147494276
3.1412700917993224
3.135615754395121
3.135595052714542
3.1351462547477116
3.1347338542254284
3.130336375222765
3.1326227747964634
3.1313471517700755
3.1314920546839367
3.1305264972527445
3.12497527399948
3.1276174280202595
3.1225276139492624
3.1253780607715425
3.1205336935559096
3.1215754907803785
3.120892747780887
3.1291381368966857
3.116085571292071
3.114619803663077
3.1161101144356254
3.116564579176436
3.114908560561267
3.115866435701518
3.1122780040296187
3.113494888763292
3.1125395079934184
3.1146937779450186
3.114102317986814
3.110248804554459
3.1084145047467393
3.1124504944722577
3.1080960689162107
3.10960858003758
3.111293813306618
3.1097530641511466
3.1065609000016687
3.105092067033545
3.104076685286905
3.136436831997781
3.1050987427260095
3.1051677869768253
3.104868349960061
3.1065385784255124
3.104673520434021
3.1008172249945383
3.107660453403203
3.103528034680679
3.106617210371443
3.1041711262811327
3.104430018245041
3.10191223146559
3.107210771464061
3.1039074815821013
3.1049411441794152
3.0995698890240204
3.100737669737021
3.1033023000369386
3.1035931102641885
3.1040882224008044
3.1095780589356283
3.1042149818113205
3.1005379642989594
3.1028474322349293
3.1012674615888303
3.1069885481766066
3.0988894510907916
3.102959685292639
3.101293852322946
3.0994212142527453
3.101278270849818
3.1029583009972335
3.0994205608817094
3.1059456707848767
3.0986005590151446
3.1014592749962846
3.102906153168466
3.1067689335251534
3.1041808365308197
3.1031529806605103
3.1019147406283887
3.100483642985348
3.103352083044732
3.0999740926447505
3.1015938477971225
3.1028564852278984
3.0981233696521593
3.103753715288774
3.107870977079986
3.0969106742067414
3.100108132233818
3.103518822903187
3.09969766959579
3.1016251763654354
3.1038657909523857
3.0998749594187456
3.099376904038427
3.100801408307278
3.1020522566662123
3.0995455492778827
3.101190257686695
3.1003811698959183
3.1010126570406444
3.104430482193005
3.1030079116476394
3.101721835687986
3.10253807644366
3.1062264349977062
3.10223267143899
3.101021448496934
3.1021620928599463
3.1034748057520374
3.102551756764346
3.1016391246784893
3.103869019742227
3.1006063539209205
3.1004993581025584
3.1043623836942937
3.097220357848812
3.1010014163499005
3.098969062996264
3.1002045127637907
3.103706956021142
3.102372952679885
3.0978483046331617
3.1024665769393827
3.0995580447527264
3.0995310832215344
3.1019975709050454
3.102088093917404
3.1001818757933646
3.098087176791485
3.0997067421567244
3.100186792649539
3.1011901651763565
3.1014139860780894
3.1036189391613878
3.107183655455554
3.1030798109123237
3.1046605251035473
3.1029739647684687
3.0989500972506625
3.1019263745713057
3.1042216724385203
3.103643624992426
3.1010360663864405
3.1102369940864567
3.1036090829123317
3.0996635192694972
3.097408017878542
3.1029548841340486
3.103771700176119
3.1009722823935597
3.100509507585073
3.100478652591201
3.104986621772245
3.101645550487353
3.1025020616020855
3.102345134436687
3.1015777791691574
3.1001872285279704
3.0999022820971813
3.1018908492721784
