sigma=1.0 time=588.1090002059937 mc_step_length=0.5 num_mc_iterations=1000000
3.3353930551364637
3.2598694257883074
3.2408454865224945
3.22760673589841
3.2279803541772045
3.2260440347538863
3.23703653459406
3.2066750328894527
3.233367778632044
3.2242154187130008
3.2119281314960664
3.2104658829121973
3.2273459896014334
3.18008090990541
3.2012768168162946
3.182810090320339
3.191734223321381
3.1758138879096056
3.178861539498397
3.152970486219587
3.169072594547132
3.1462231512286083
3.149454820337203
3.1542884181939495
3.1515152074210677
3.1467271506879655
3.1755086517738498
3.15736686714222
3.1604595062818035
3.1501428276920427
3.1542372123041287
3.1411455085840987
3.1508673319830454
3.143441363471021
3.1302124090174543
3.132431660511765
3.1234012545904286
3.124625935236658
3.1292581876749535
3.13940303229575
3.123519522236003
3.1319201231917875
3.123342166931313
3.1103169136273197
3.1307542027853357
3.139680138147511
3.1170392154913436
3.1376603004338763
3.1180269936335945
3.135751003231078
3.1284275104560235
3.1239023340039918
3.141378618253905
3.1310595233949554
3.131807436321497
3.132164225126418
3.1258502374998924
3.1423906169276274
3.1206870037734262
3.1311811524478257
3.1087097210756456
3.14119234726961
3.1173501119906972
3.118877612933531
3.120704379932254
3.1295553817149493
3.144197940598387
3.1258234325390024
3.1152271841961703
3.1321796999674865
3.125707756277931
3.114817218036963
3.1061077455014705
3.1327224024877185
3.1180191808174333
3.1312566706082787
3.138238853912237
3.1300405287814046
3.1257100678529968
3.120494635095038
3.125028628928435
3.1061145030770136
3.1202007636830897
3.123656410233184
3.1232491766109427
3.121229419317286
3.107713927499215
3.1242080672324737
3.126167540274639
3.1246538935380865
3.132335001474238
3.116960744006878
3.1203640757571867
3.122769336691686
3.1096059789462767
3.131259590398638
3.124243308367916
3.1172269647737387
3.126081041614255
3.146222586447609
3.1171603887789416
3.1217289986013257
3.122449591994712
3.1286904274213954
3.1160912249043182
3.1191923621063
3.12754023334366
3.1160298291414135
3.1294022949173557
3.0956108588504714
3.11733313779801
3.1271827924999958
3.124976677279615
3.1198925678382543
3.118715268930381
3.126205954457609
3.1207399593483176
3.123636007950574
3.1284006467219263
3.130469479148378
3.125022387851385
3.116643016671301
3.108247938998121
3.1184505950964354
3.132211486919831
3.120609262016163
3.1248629318410597
3.127304098262599
3.1211326161742274
3.1241026118441666
3.116588540774494
3.1134013544023627
3.1274099108479794
3.1042753980489555
3.110638225225743
3.1089733711274796
3.109753339040759
3.1145666260268516
3.1238333990590665
3.1180163682490996
3.105911121589007
3.1185295808228344
3.1313980080131945
3.119775721448578
3.121065830237693
3.126120168012114
3.1238036967543885
3.1150587872592093
3.1224631099816764
3.1079964407067338
3.1168949566170445
3.118998615242992
3.118468162049683
3.1290924398617146
3.119851710867408
3.1217699451376
3.120612731819799
3.1183977338894326
3.112908544407444
3.123125080641507
3.1226781885710624
3.127654134808829
3.1226400408305115
3.13318539327961
3.1304396760163034
3.1173370280428236
3.11240920448484
3.1165009646989232
3.1267586662519364
3.10273892433764
3.1270850828708165
3.1366126745544443
3.1241872730554245
3.108424850264522
3.12093066446156
3.1264023920907094
3.111067080380918
3.1323060687255695
3.107013173855893
3.0969411070729
3.1159217284354312
3.130408844513752
3.1256841404499722
3.1293092032344987
3.1274964004564394
3.1198706720985436
3.114412512104668
3.1153121477245818
3.1131720086874863
3.1322558539208964
3.125585161263726
3.121785277064184
3.1224498628766675
3.125969118057717
3.123038228104135
3.1020661738036654
3.1200906405669384
3.1085978266303007
3.1211400333634822
3.1266390766224155
3.1082239565103804
3.11661813573002
3.1314528546786913
3.1213523069395848
3.1173880092978523
3.1306524147888837
3.1152613035339494
3.1154012145384504
3.1270856036984207
3.1235733049182755
3.1208830429838055
3.1119962154740013
3.1015414164390815
3.125902821606018
3.0999639691732064
3.1155271473325623
3.1245705861381436
3.1242345501622952
3.127838123535504
3.1016421368857703
3.112160325240867
3.1169147753666584
3.1155465060049776
3.1333354166578378
3.113322022533921
3.1311148605224552
3.1200358748105357
3.117988907621886
3.104345609891715
3.117350412356316
3.1180939240502443
3.1284524868243127
3.114398179286077
3.1181697135306714
3.1071148150365206
3.1191787391817214
3.1416188477820777
3.109865038478361
3.1138082173412425
3.116402481267224
3.111342501308413
3.107022260647057
3.120953612325186
3.1111178180001007
3.107459042237995
3.129000683645883
3.102129676149551
3.1142585297395016
3.1168520038048824
3.1239088896585687
3.125420950229948
3.1225333581403447
3.1146783523141695
3.1284554317369593
3.111025966447159
3.142551455025856
3.119492268267628
3.1162616776442884
3.1132447288376524
3.1102464435451975
3.115766851873803
3.1158740019920397
3.12821296528122
3.1097605846279595
3.112124346169816
3.115069247083263
3.1131730727852047
3.1199941305153316
3.1182964689074804
3.124944790844865
3.1207718537563163
3.111637221012163
3.1231423256702504
3.1154285705480333
3.1093089117210377
3.1246391432261476
3.1230451951610427
3.1017674258568206
3.123574082700824
3.1207962628271275
3.1262851145093635
3.116699782043048
3.1339795212440533
3.1080008166216873
3.1309340909953627
3.112793061685629
3.119316954682485
3.113655436226937
3.1171941008106168
3.0989987568444617
3.107873736864067
3.1261223423981335
3.120214113797068
3.13165384569407
3.1111422599276457
3.1260936920819344
3.1125853740788902
3.1212008488730003
3.104805244147463
3.1104360361204115
