sigma=1.0 time=44.532999992370605 mc_step_length=0.5 num_mc_iterations=100000
3.334077731330194
3.2855379086716923
3.288486263254213
3.4111819533544345
3.2438535770512646
3.2365391675557067
3.2145045599339768
3.317252142976685
3.3202691863745715
3.2131178989089695
3.199946516277227
3.2555962482293594
3.3089036535808107
3.329801251347304
3.2996421456520504
3.268934254724313
3.303550734600625
3.2076884797687506
3.2227430076022503
3.26636281790153
3.2737445066505604
3.2619343430849725
3.2420926909708436
3.2925138339041498
3.1913671367814906
3.2155744832304047
3.238681369671908
3.240369396174155
3.2543164911474562
3.203113303895569
3.219746204973082
3.24410700441657
3.21231129572343
3.166090615236676
3.2561669833223648
3.3354101386355173
3.2087155823365494
3.1705161428468056
3.2614117796942166
3.190213278672455
3.2862999918150555
3.2733489044472828
3.184081984825653
3.2424254212291266
3.2650858244029397
3.2257812565633257
3.224544743950309
3.1766228029954093
3.2201374489850876
3.1556183373473456
3.2169816266402966
3.226271208132729
3.1983662459232254
3.207707177250822
3.2502889227315284
3.1602434719144483
3.2783095710100407
3.2145268384595345
3.26197247171139
3.21049851735837
3.272212015786692
3.2512998312784442
3.167616230945498
3.2047320071044467
3.292976966729995
3.260170706725672
3.2568679377569842
3.234842764708439
3.2130363247222307
3.24934365058765
3.2003729636380998
3.22358193947274
3.173496872652029
3.1912720059974977
3.237336907551442
3.191169141873856
3.2665366174619885
3.1565174752385228
3.2226780077971804
3.184717051966433
3.2626128540406483
3.1993957477425172
3.2160976598849915
3.279575060940763
3.237909564959541
3.235738717061377
3.287113164943449
3.1715917577507207
3.2364157323998555
3.241653435175849
3.1790546552584247
3.2118515658114455
3.256514103014394
3.1887406651334054
3.225608734572515
3.1933570021813624
3.2299598999966905
3.2546992641769905
3.1967659576179743
3.2875878267165164
3.25138804991399
3.212097183315023
3.2034184913912847
3.2124334032433315
3.178638040607726
3.2601023442341583
3.2231765142950217
3.221573415381724
3.214429013465518
3.166773745069332
3.1863641794410116
3.2021995156046392
3.2339402089149742
3.179902461815082
3.1674452996854296
3.256851162384455
3.2136309376076193
3.1955936201642547
3.175385897957015
3.2375007100550555
3.205221109235252
3.1891124662152865
3.2028664858357625
3.198838853261508
3.17563370660514
3.246446185206276
3.2754966319132275
3.2945914069800883
3.2361791139936398
3.2262144823190133
3.2088878734616286
3.1551151414129994
3.225165337394521
3.152573034493263
3.211853832669469
3.171008369546639
3.1577711961664545
3.1661904656662876
3.121189941558823
3.1883576903111517
3.161215699092026
3.1677299226628945
3.2346982846219636
3.2414045310571526
3.188622118068714
3.1818071451880496
3.1831346583505904
3.1363981578946696
3.183611017089231
3.255095535354289
3.153770558130807
3.1390489625502624
3.20594966222729
3.1842469045732087
3.159807067823278
3.187973290944552
3.171490441945404
3.219769405908893
3.184038960694942
3.175708034953661
3.1783077609682273
3.1294136367173135
3.168036449400097
3.20904586563114
3.1541787627148934
3.1901718164710315
3.181694733530194
3.203911273598973
3.201630774769345
3.209693496583873
3.1757889421452354
3.166470968396407
3.1780353242910984
3.1862036281688555
3.145206287087616
3.113079033220553
3.1751099541903534
3.123044648497008
3.1714744022260017
3.181472371934625
3.2073811730240154
3.17836243434305
3.213327057892777
3.119165644477483
3.195685627814018
3.192477829568609
3.169338301604899
3.1678596269456842
3.1724959134480355
3.210746715251138
3.186209101909733
3.1256250652245408
3.113966574874097
3.2077732773605376
3.178546958551327
3.190927260330879
3.1288846875792866
3.1057820176115816
3.1478506265207176
3.1610752709942593
