sigma=1.0 time=48.373000144958496 mc_step_length=0.5 num_mc_iterations=100000
3.2947742548547136
3.2699933250788975
3.2137192270763664
3.2709773799075337
3.199707707686056
3.150069691586213
3.132389794741099
3.2507601650566307
3.225768398170695
3.174725787503508
3.1323594310616416
3.216055130166405
3.1954447501628622
3.180666593748824
3.2028450329658833
3.191416001565303
3.201714879721191
3.1213509844020386
3.1931765606050893
3.1909661027458323
3.1933606399836383
3.1922994985830875
3.1541492288472734
3.2167316553302023
3.1046564052754815
3.1518418833106723
3.1327417032878446
3.1647720800439165
3.172385984670564
3.141553181371464
3.177481631284965
3.1547188412792004
3.165808686524304
3.1855088295378957
3.1846091865117767
3.229851495677856
3.1753904588767368
3.1128848012480446
3.1562459828047804
3.123259123251064
3.1331623787442573
3.2076759248339597
3.157332378627872
3.1659591302402865
3.212686051128865
3.1676798286483696
3.1156975963702824
3.1477546622101715
3.2194199241566563
3.11329930816767
3.1307878041979875
3.1662904133319536
3.1814159771099324
3.118284268529246
3.1404181663813038
3.136216210358978
3.164099814751136
3.1432736489867197
3.15397290695577
3.088319604744488
3.143452229484575
3.2139050515595384
3.136504302000112
3.078684426611832
3.1821363806806913
3.1503067880856706
3.167585518459058
3.15223757207075
3.1041957596739196
3.1844343525023375
3.1147319166087266
3.1342130151832985
3.1684008200361884
3.1493999051848305
3.11220188257256
3.1160577634100086
3.1595390857836962
3.098960832436339
3.126478642807536
3.08302876718165
3.187897392932451
3.1248931189893154
3.129415005849475
3.2052798689426765
3.171746649305615
3.0840217231505136
3.1914634730636213
3.1028298036024258
3.123624421117619
3.157917453393756
3.085354600126989
3.114139221366802
3.1514837802137667
3.1327299427127406
3.152447053974542
3.1581163927979325
3.1024476192731307
3.123540071750116
3.1250311857729156
3.1151452566856777
3.1613167111389537
3.1375808116410595
3.137352853242022
3.1078903844339747
3.0685502520274635
3.1675638150647316
3.1739807311053228
3.0817089532526794
3.104988855122951
3.065884350051848
3.134777647137154
3.100762367149625
3.120238239599832
3.078000805403687
3.138340626868143
3.1695742854414775
3.1283105290677193
3.1141549400191972
3.0944088778559404
3.1561304189489325
3.1038647657083587
3.122864121997289
3.106013596666502
3.1449720909078747
3.090088972948141
3.1616083800414874
3.152833267168949
3.1741250196645696
3.088360742481508
3.092437514272807
3.0789185786224227
3.1376791681521277
3.17425553125328
3.0956258461797397
3.0947560005155856
3.0975156735558134
3.074735929356202
3.0887674413876565
3.0887173301099806
3.101693506896594
3.070651495474195
3.1265046462638395
3.126868340696124
3.165278350529733
3.1206427531595926
3.1352567123142654
3.113163264922138
3.120161157770114
3.1381268892957546
3.1763706027775394
3.067965673505039
3.112945199579249
3.090444380026553
3.1112070196704003
3.09322505837716
3.0930421609074408
3.0812576781554486
3.0919614732196594
3.0884483604364665
3.043744177845213
3.050120891116595
3.0880510897393396
3.082341720146122
3.1021131093804555
3.054948240602451
3.1311185011189235
3.0967608069497996
3.130322930918967
3.1129704644313296
3.074908614053014
3.1470895310577776
3.079399150449761
3.078775406083002
3.0827601584325843
3.062381538887046
3.0867973987977604
3.065350770427133
3.117460765071926
3.117427527209699
3.068028758474209
3.0946143929983974
3.091708899777413
3.0737982915366406
3.062175010359689
3.13523308483148
3.074480822242463
3.1170849710757564
3.1520170927959046
3.138048750909791
3.1056872883416307
3.063117718170187
3.063775294830057
3.0785985839248498
3.153190535337927
3.076107124124386
3.0702161891871915
3.0643868644300065
3.0733257460535692
3.0568007741680945
3.080581098483749
