sigma=1.0 time=46.92799997329712 mc_step_length=0.5 num_mc_iterations=100000
3.3321419551038036
3.28965132377133
3.208177385936259
3.174572366958579
3.16520518479722
3.161500025608452
3.13511271934418
3.21281068441797
3.1981432501763396
3.13817749654271
3.106705447678934
3.1300373498290046
3.0893707907088044
3.0959174744045583
3.1356143005254156
3.0728490716598094
3.0868628558797315
3.073141022872
3.083178438323988
3.123795319282824
3.076987401201545
3.0850734554813313
3.1190513288549537
3.0833216427291186
3.0567539035434543
3.0298385780326225
3.063148672680409
3.1012268650103367
3.053369856046387
3.0612703375226173
3.0631550749905263
3.1059592187317695
3.1705841878623486
3.1128000063755463
3.083052959254025
3.096670603277258
3.073781691889371
3.0920240569553443
3.103121794700796
3.0603626330149263
3.0821338609346167
3.0890071475365044
3.0728975504762635
3.079994948287829
3.12802095320588
3.1172305049348434
3.0826251779842306
3.080672063170808
3.139031018722483
3.1318806424563688
3.12213898115517
3.053161584020973
3.0790580646875814
3.055904255951002
3.0802684834649625
3.069637681444694
3.071061968042963
3.1253975823525777
3.0880183661781047
3.084171818870074
3.0726141832326728
3.095398102092911
3.0715508620773364
3.051838553360233
3.1088963722202934
3.1360319303630484
3.096602485829324
3.093407624822248
3.129690960632478
3.0787123433536463
3.0640459475101185
3.11558392625992
3.11797596747173
3.11483133120006
3.089215575591942
3.0740496907331445
3.0917215975976586
3.0749650607180046
3.1008396718636777
3.0736334661146145
3.0535282052125874
3.082346341165744
3.07104797731481
3.0939178239213625
3.1342854695571165
3.0737445539365233
3.101809660995923
3.053591742763854
3.053580292368812
3.122784462671136
3.0593122038039127
3.064816776025796
3.1123931027137077
3.0926409732441553
3.1105559853706626
3.139666789296426
3.078313878132502
3.06124413200785
3.0851689680476584
3.0684948121613473
3.0787557836879698
3.0585572839171844
3.091440092526269
3.058482326048756
3.0805336977396776
3.125699114438369
3.097558053967943
3.0577005883450794
3.083968678610873
3.0646746420440762
3.0986341466158653
3.089690204825241
3.0573926493340173
3.037682816433266
3.1173143740895113
3.1499853428032223
3.0878266953791464
3.110365059121711
3.0796350881483336
3.090816925333549
3.0473701681802474
3.074120363036338
3.0699595949202854
3.129481039155979
3.0664640159621013
3.1082027850828604
3.065858461928009
3.109935380159837
3.0493097118629975
3.068461129824022
3.0990884332127973
3.1121317978343734
3.1022298911915445
3.0840972469127697
3.0882894502045994
3.097391978692319
3.0512892579536515
3.08718973238813
3.0896234701792116
3.1088166124845906
3.0782654668135767
3.076261577530877
3.0937822961150845
3.123137084705927
3.1034214221247387
3.128228006993001
3.0493474827130744
3.135112390407137
3.117521778006889
3.116215651449154
3.051159150425617
3.09171036184428
3.0571608748809376
3.09586560932789
3.130908640336466
3.0582817427884748
3.06836001489063
3.094617995837552
3.072885760531664
3.0501423232947866
3.0850465656351505
3.069909945572906
3.117637594566206
3.092893891356045
3.051462596259781
3.1023202214283727
3.064603412557245
3.109825319407196
3.0826168998064336
3.0743717942869893
3.12221418426806
3.067392193984666
3.0888158582944283
3.0951720781280865
3.053769843682718
3.078195591989008
3.0549919478053305
3.09156673429
3.084930162391783
3.0685486874436703
3.0745834076706946
3.087108654490982
3.0416234561174416
3.03941585373233
3.1121012176199776
3.0830568578888253
3.1030203141204695
3.1184341471838875
3.1051956067328983
3.1051106146386243
3.048927899977578
3.0655834806525473
3.093362927519295
3.123067682203688
3.0743574838655605
3.0696772918962214
3.0596318607960082
3.0764765310380047
3.078796889861787
3.0645593942870755
