sigma=1.0 time=702.625 mc_step_length=0.5 num_mc_iterations=1000000
3.2703745782759026
3.2511941433148532
3.2310950799902227
3.21571876846259
3.216362284459118
3.2032725522850756
3.2211701076426857
3.186575867720323
3.203734119529004
3.1906351060273876
3.187969422221571
3.1955677225270196
3.2036941425053773
3.179094627601234
3.1955673798518536
3.1896907030463457
3.1856855860248303
3.183367180701987
3.201757431657162
3.1790865608073005
3.174958679578649
3.1659703605194522
3.178571734710871
3.182635865454883
3.1611296880301074
3.159785606065066
3.1878404228015285
3.182712538214667
3.1732837070322035
3.170065140806247
3.18006603461896
3.1643559822803895
3.1556547249748985
3.1608616466192876
3.173050688017584
3.175876068981479
3.1544825685640694
3.1475624288443895
3.160330264342299
3.1772032736262172
3.1481432995502368
3.169265816627387
3.1546180190349498
3.1565523964142965
3.158086112996583
3.162194164343634
3.147536613063617
3.1469943273714835
3.160736712904926
3.1537053810008695
3.1499374184066165
3.1466713734834704
3.149169909655224
3.147599984271571
3.1554307440821954
3.143910386601066
3.144068853298793
3.1548317805169876
3.1436790647670527
3.1418966847519516
3.129649171947521
3.155451192215917
3.146113382319156
3.153463690495944
3.130178633382242
3.148435335977077
3.1602605426360704
3.142127179207188
3.132730429850196
3.1489153275078587
3.1263278290778804
3.132275579870122
3.1096996335409934
3.133011607771188
3.1301256085692994
3.1398068301620894
3.1497904492759408
3.1357309796921737
3.1325245644193056
3.1230067709665246
3.1343437982125733
3.099666306285478
3.145619390153754
3.1337930642051854
3.1140868406301783
3.130851322562222
3.114870091438329
3.1151768699741362
3.1345653126182924
3.1410807944421952
3.1410087397174946
3.1279229934734967
3.1288776695567617
3.116144008565055
3.1199621292865465
3.1321046981558265
3.1254826252543237
3.131994237120428
3.123228680382161
3.137896952220176
3.1289910727984402
3.1217970222040567
3.135763624903216
3.1096842849484796
3.1135259557769177
3.1266008939555276
3.1260698118670924
3.1203803174711666
3.1150550833221913
3.111912245502335
3.1041146061620246
3.121647654410042
3.1327964126567975
3.1148971521838402
3.110303469791582
3.127830461548742
3.0986202169063595
3.1169456834567053
3.105402281182241
3.120052190035027
3.114252975055645
3.1272930164248574
3.1256698195197736
3.1068151138553444
3.113321666782998
3.100630571572608
3.11639689460776
3.1107896063704024
3.1165571705178756
3.1069590418997945
3.1080519237412907
3.096300791797956
3.1237257919761707
3.102105629950495
3.09920767202366
3.1102293871251385
3.1009436951849727
3.1103960634486563
3.1130653763746285
3.1074550137778205
3.0961041286789293
3.104830637128997
3.1089026130197435
3.1138069220876554
3.098999485489364
3.097370994943043
3.0966139870258678
3.0874149723699325
3.1113793082005397
3.1009875113398633
3.0990379109677884
3.0980907830241198
3.088040944114056
3.098314726599592
3.100395849337819
3.096434339726702
3.0926047107023478
3.110294167421332
3.0782085335868876
3.101507982703782
3.0938762181845902
3.10410940025691
3.098640717799802
3.103311256997132
3.0957347540439817
3.0974803553523658
3.09233737946011
3.095319657567133
3.0952340129743856
3.084162960271738
3.0927828137369
3.106431940775194
3.1013910537170055
3.089118368135073
3.0912494541055366
3.1040836587098317
3.0833590306025305
3.1004128457281266
3.093057464521454
3.0757386762394843
3.096222139705047
3.0990280118236684
3.100412120354057
3.093917357251239
3.0913236892288403
3.0964401405387187
3.097119566869133
3.0992263717667945
3.0831013468678794
3.0970184424964664
3.1005810291222264
3.081180626472022
3.0922238392482724
3.0966671446601217
3.0839070955578434
3.062094541062818
3.0893304156399184
3.086876560625759
3.0795721746284292
3.0968383853106305
3.078025636681762
3.096038675570401
3.089112614696495
3.0982893088659402
3.088121118081213
3.0976974202550163
3.072648015852294
3.0843159182801916
3.1015356500760802
3.0958676636943636
3.090357520119068
3.0836731070269314
3.0838196835759533
3.0935507984624815
3.091825900788115
3.0832626948408497
3.0738070724740454
3.0836874646256978
3.1000781964092767
3.0805399115912984
3.083051383356004
3.0743255896926587
3.0966136107780877
3.091202541971448
3.0899890260202194
3.086768296269034
3.0920404963453283
3.0898227825374245
3.0738922601989382
3.0889924185354447
3.087389008701477
3.091736381419202
3.094718474841917
3.091645977431586
3.079231928536037
3.0818741004003534
3.101694884764524
3.079434318551253
3.083910390394987
3.086563678569521
3.08457536954478
3.0805678579931834
3.0879456630213378
3.096967284714624
3.0842048206166868
3.0894698017603326
3.082999991741819
3.0959780403938795
3.0940529660412155
3.0908929969006533
3.0989178981174
3.0907862669168114
3.0941192023146313
3.094762939624942
3.0794219587517437
3.098620116807252
3.0903734458024927
3.0881727161720187
3.081030294221339
3.0875766345307256
3.0838814356970725
3.0929913075326487
3.0961552419111102
3.0798908508202865
3.089035312949262
3.0819253246780645
3.082474199087729
3.084501836138732
3.083584117528944
3.0873531614768543
3.085532726395252
3.0788422041515457
3.0912833528569
3.07529024874839
3.088011467816742
3.099978981699823
3.0932375721662138
3.090851590055103
3.0806092055953482
3.091469954994125
3.0825607535579476
3.0983043853821948
3.101869955188355
3.084945300363701
3.0898849724119772
3.078689966560927
3.08269616194388
3.0842023790101956
3.0808021689297767
3.093618991784779
3.0871643257707024
3.0941072561110716
3.0988924956789763
3.090579243920363
3.0857560561693624
3.0954267869288454
3.0840056269009177
3.0785925811485497
3.071339558326646
3.074426973648928
