sigma=1.0 time=715.1490001678467 mc_step_length=0.5 num_mc_iterations=1000000
3.2703745782759026
3.1984924973510145
3.1794075018058185
3.1712008350468244
3.1708784118068576
3.1437700977056653
3.159394719333243
3.126429070671944
3.1447985361779
3.1283945586410993
3.11947289160055
3.1198444506155822
3.1296567200075036
3.109887608586319
3.129188534397241
3.0948383971446334
3.0885405556218704
3.098043972516521
3.109869951782665
3.0804081658026816
3.115002141922177
3.096168777525189
3.0980066685897345
3.09469516179872
3.09293864773673
3.0830088570942094
3.101951127793096
3.1014998508101064
3.093795390177556
3.0990432020829464
3.0838796222058056
3.0807205675279223
3.0949307378924193
3.0933525660376153
3.0868148328436757
3.0858396252466957
3.075167527292994
3.089322995067949
3.0875264359367516
3.0966028930688654
3.0949767615340886
3.109891161155055
3.0875683056714123
3.091617276163618
3.0995203683529557
3.0930413541129123
3.086015569192942
3.093159412554815
3.088959732554171
3.0925447062837605
3.0829319387311065
3.0889365484137365
3.094618955444421
3.085252275636528
3.090596535423039
3.0961780166479502
3.094081750641045
3.101792374227588
3.087445783845268
3.090379569255549
3.077536595635805
3.0916164082972246
3.081906832737235
3.0962389719085355
3.0683823581495933
3.092842377077874
3.101634682360686
3.0931442082299365
3.0875948472698567
3.091920880714756
3.0747493990158286
3.089563556289879
3.0770666076783537
3.0823011809905396
3.0822766607582777
3.0853017344453826
3.0981057723305896
3.0872912498701006
3.0925026906463384
3.0751212712605653
3.0889485391999285
3.069739576185285
3.084848936026646
3.092951220150381
3.084376029263977
3.0930256599883315
3.0749521479701074
3.0867672377910553
3.084151068726678
3.0917799009010154
3.0953664315013065
3.0836216696561114
3.0964892583864616
3.0887965661970185
3.08978356230876
3.0875981908856907
3.092301864793988
3.086309908336578
3.092549751428072
3.0931785132195553
3.0889599954662224
3.0897997179642473
3.0900929170121696
3.087753111874566
3.0807466383330095
3.0915156079702726
3.0932304964583253
3.0756402937027993
3.091453385437336
3.0894338725850026
3.0834430390363607
3.0926267493066675
3.0978926170550767
3.0920354152335148
3.0846864183726117
3.101449432576088
3.0781747497707395
3.0926909001297562
3.0886697660383127
3.101015569829937
3.0792689494044643
3.086184599838807
3.0953382942030663
3.081946393938613
3.0926636338439293
3.0845987755698823
3.094874588391704
3.089675066338303
3.0914794349708856
3.085045571113394
3.08643711019536
3.0784154807620987
3.0937590550926672
3.0848208857885298
3.0828803466806924
3.0831805538332295
3.0875342380145114
3.0768783763248897
3.088833386054493
3.1032799218702105
3.088848269845163
3.0836053829281047
3.096005097876995
3.086191381610945
3.0838365242003762
3.0882501794814616
3.0922322443676524
3.0792529538627234
3.0986976689145727
3.0818938436658
3.0873433744913785
3.088224041294185
3.075471078817322
3.0905524156724926
3.0902674426259096
3.0895017129426456
3.07218254648143
3.0916773784528937
3.0724496377339277
3.0882728063684532
3.0787231145328584
3.0860862553575004
3.0900002785801846
3.095322015576686
3.088443241200961
3.0781200411232987
3.0860639475340697
3.083056443143109
3.084549613668983
3.0752849469023285
3.0874668137276378
3.0930774789293958
3.094940534677714
3.077505358619022
3.0869353079342163
3.0975108394730153
3.069580430512076
3.0934781351326945
3.091349312128923
3.0758289991767853
3.0905642576379515
3.0936207277559395
3.0873524153372016
3.0873086385324706
3.090696787930089
3.091965776884493
3.095534744697187
3.088937909938713
3.0783198453178007
3.0926647805267136
3.087657278628426
3.0895966770482586
3.0898596965701026
3.0875899912799274
3.0843221601488167
3.0621590632772384
3.0948969605464534
3.0855343443667884
3.0773873900211246
3.090170472098381
3.078119150719479
3.094492004806063
3.087142290217442
3.0978621463558023
3.077047519850953
3.092137738270223
3.069192662954313
3.0818737045188995
3.0999087267083123
3.0910581681109375
3.0843960907167913
3.080660327132121
3.081226303101569
3.1206548436788375
3.082288719245071
3.087498908292593
3.0790490664521375
3.081435222802872
3.089453983367945
3.0803393134880244
3.081244598314198
3.0715189432962218
3.0853102554504144
3.087027378713365
3.0827309790820263
3.092021241892118
3.0848860939533784
3.089846184079332
3.0749714992467183
3.082273180750842
3.089423222425314
3.0935120365007394
3.08663784766182
3.0927983418006066
3.0790277875272434
3.081205779781365
3.094984326627107
3.0810133651866907
3.0865990357718647
3.0850474082466284
3.077471122317267
3.073468052270011
3.098261488343343
3.099069389585316
3.0804139465700877
3.0909949882240615
3.079669519770347
3.0847585115483094
3.08995695074731
3.0874434747321096
3.0908245577735194
3.0860586996873374
3.090888949748787
3.0905833451249993
3.0785932853449394
3.0985633062087934
3.0944474316341344
3.0844689019528864
3.0807117083912736
3.090079021348574
3.07474969353399
3.087159862359967
3.089696300478995
3.0787302621662405
3.0822736965774498
3.0762237307621896
3.083636419861414
3.077611678434127
3.0856226841803007
3.0905197212913373
3.0830188144166257
3.0768859557205936
3.0933050000632907
3.074091239078351
3.0860368697489955
3.0925201996254126
3.09069852708176
3.0837046321802486
3.0770338773976276
3.083260890179431
3.075614537172845
3.092909635283317
3.0893278147016034
3.086956082509804
3.0930328546828005
3.0754773171456207
3.0740339854581777
3.077419099187943
3.0802738194204977
3.087867316553606
3.0911514238757185
3.086475142358878
3.0953552937642113
3.0876783313587914
3.087365972760255
3.0898666193013526
3.0838517745473877
3.075841669716987
3.0732398112285475
3.0687498119536323
