sigma=1.0 time=681.8689999580383 mc_step_length=0.5 num_mc_iterations=1000000
3.2703745782759026
3.274531987200196
3.26309790707294
3.2475434823737754
3.26475559035878
3.251623083115444
3.2644544488591967
3.2469456788542956
3.2654628690344834
3.251588362776784
3.2426174489626094
3.244787780755449
3.2665910168287677
3.2390729690422093
3.252048639629177
3.2488563471061322
3.246387914936688
3.2350963881215584
3.2580949255197615
3.235932323750439
3.2372493243215255
3.222679197910451
3.22988922994169
3.2438136892335443
3.2134401058365825
3.209340929139951
3.2512434683673312
3.233165212019153
3.232770095391756
3.233122038838228
3.241399927254278
3.233547619842574
3.21699482949099
3.222528631034113
3.22645724821287
3.2304931859396726
3.219021831875013
3.213403515280445
3.215489522308294
3.224069757783585
3.196973325277276
3.238856112058186
3.2059274291407345
3.237731853803957
3.225152013385747
3.234821685748105
3.21024461649549
3.214549854081308
3.2183100235604853
3.21760508609099
3.2140896950608493
3.214349086174014
3.2187421363788893
3.222277908534279
3.223164578167335
3.225206580307649
3.2145831227531017
3.2177618493773226
3.214899211292057
3.213284948890658
3.19959948227927
3.2187910533485176
3.2137910481736376
3.212591337692376
3.19553016162043
3.206188810455199
3.2117783299945595
3.1933226681123092
3.1960707187936963
3.220565992131377
3.1924324673263205
3.199205232932573
3.174233649707287
3.206884375264981
3.196328081630399
3.200801850670957
3.207294390563761
3.203070443267247
3.2132132962815674
3.1903832653775184
3.21139840248144
3.1752440562940176
3.2117460513940927
3.2037342043510773
3.1960802064916476
3.2081754264662012
3.198379241271344
3.1936284403530673
3.197918893931195
3.198974334091061
3.22307414049306
3.2003325905858566
3.1914983039650657
3.1826758966953097
3.185603340055203
3.1894676842542933
3.2060146621388768
3.206346595287081
3.191837123191663
3.2201001079486526
3.1841401755214513
3.177754932549734
3.1932363277869107
3.1937643923267767
3.1852152100611373
3.199094032974323
3.1999722604340732
3.194302659938064
3.1904964226545824
3.189925767715452
3.1771994051534826
3.2040182980742835
3.1891133056379184
3.2008893099343747
3.1945746296772652
3.1870563543893393
3.1594268317292813
3.1717931047789327
3.191659407059161
3.188668263523554
3.182839579287429
3.204402654000135
3.185817930972717
3.177387184168207
3.1708466296201756
3.183303096237186
3.182066069586586
3.1898071798799252
3.191480129579925
3.199444948760422
3.18991631439467
3.18980613172552
3.211488694006402
3.180747369647329
3.1906709980994377
3.180357478235891
3.1938766505202176
3.188106364490299
3.1831964997032434
3.1822292064988953
3.1783881169295887
3.175642936539189
3.204765839464647
3.1859082874077806
3.1804259356564937
3.19082197267774
3.1796676613093733
3.1803455091253507
3.1812040736741216
3.1843472883061468
3.1789737628990427
3.1881848666096197
3.199534257124574
3.182236685953857
3.176774128958999
3.1693031051145915
3.1860921850783193
3.185964736146521
3.1712687945174944
3.204255806883239
3.1888936177741845
3.185059149076736
3.18626004889021
3.1946210360532454
3.1781389763723804
3.1885165458113494
3.1700237162296134
3.190932271241197
3.202378564131614
3.176005868791673
3.1889829816217476
3.206492726623597
3.1845707429694325
3.177046890843955
3.185920973064399
3.1797763068441633
3.178401623358093
3.194311760464824
3.181762591438469
3.1691551340479434
3.188045637045306
3.1945250859939436
3.194278819286157
3.1879669061362774
3.174848351111219
3.1814830438762907
3.175652792362537
3.1855383886344217
3.1775336903332914
3.184348206537606
3.1731144212528104
3.1655679839650093
3.178666700370015
3.1772228719176963
3.1809984660697666
3.1604699522459625
3.160270680634363
3.1802031497527095
3.184980460883072
3.182023484334668
3.167472650384041
3.1826970737672116
3.1741621543040126
3.185393777861138
3.1832342998538943
3.1936781313819878
3.173897864278653
3.1753842139721056
3.1916497170006504
3.18459974311579
3.185485443343628
3.1722791578011256
3.165774880232431
3.1717405830026086
3.158922404533438
3.161256657626519
3.164286906680925
3.16097272986821
3.170993906081624
3.1566491248821213
3.1700361572934384
3.176067040282264
3.1979557759032367
3.1904736009849826
3.187761155612626
3.200607342769345
3.1705397069218932
3.1659711337538705
3.1693727232250635
3.174412161558296
3.1674404865993275
3.1729499087604895
3.1732572717139935
3.1791774258202707
3.173019399349615
3.1755513381338596
3.1993253774883708
3.1780544927098777
3.167544731557207
3.190500971713777
3.1771551265907907
3.168458236668752
3.1825579378043503
3.147229392121498
3.1841604896904308
3.201795732976261
3.1767672189216998
3.152544149836257
3.166957776753976
3.1855872788168744
3.178469905083965
3.183361493025619
3.16585370814613
3.1658925102930646
3.1596686371158187
3.185846906788185
3.193199431932538
3.1878247341957664
3.1610130089810378
3.1712480273000483
3.1735726812584804
3.1701223019350953
3.1743773459730913
3.167415060483642
3.1699370374800773
3.1792029286998282
3.1643501070300193
3.174379297714882
3.160517552629122
3.1735882847315326
3.181083062769439
3.170133344363763
3.1654469898187845
3.1600789524294166
3.171188304672267
3.1733004115553123
3.182351096600662
3.1515572852896434
3.1826081770113586
3.1777965242422113
3.180174282896378
3.185508464392634
3.171762025371084
3.1599504588835656
3.191252350090902
3.1660324016712798
3.1626048920129435
3.16792629413468
3.167824861508111
3.158151323260682
3.1719920019172716
3.1812761346250444
3.1688554156629536
3.163154420913554
3.1577354125533117
3.180214675077339
3.180419556342708
3.1765964436850695
3.1446173240540776
3.161063271934309
