sigma=1.0 time=640.0240001678467 mc_step_length=0.5 num_mc_iterations=1000000
3.3392162088347925
3.349799802330117
3.3331598837467773
3.325792701373288
3.339850346143769
3.3317735327303475
3.335199470323149
3.311432802046486
3.332281660576142
3.3176835265538127
3.3075330990327703
3.344060794148878
3.344911481108277
3.296171820572426
3.3252971201983486
3.3192800602536128
3.3045246348106136
3.3150049092198506
3.3208984244096604
3.293175375946313
3.287534766932696
3.2910986570129164
3.2874960328644973
3.2926532436542466
3.2895692832336714
3.2839240434058885
3.298650454647343
3.2875008480885732
3.287574057531129
3.283334549391154
3.278205475572885
3.257168730482324
3.257441696139489
3.2768694365821034
3.2639226254834637
3.2626358795225863
3.268635830734738
3.2555553746156822
3.265208105229426
3.28189723473009
3.2558517970245364
3.2613082361395094
3.2493475533393816
3.244099598026819
3.2533918735424665
3.2843938812513196
3.2321316897477366
3.2674948647157915
3.257139652434097
3.256110477307658
3.2589577798617717
3.2676535189986624
3.253197529932025
3.2644935468744793
3.2550212816848703
3.2514498889884207
3.2646868126018407
3.25572488471302
3.2541834933619174
3.2634040817986265
3.227135311634567
3.2578513260022643
3.23794866064297
3.243479675622451
3.220321692895345
3.2533452567333545
3.2617510044116846
3.227367791157508
3.2333449494194846
3.25493986836697
3.2313441252446347
3.241518770187165
3.198028550473176
3.241831727160893
3.245237735311714
3.231141527757985
3.2607445695365667
3.245213695433904
3.2429287800001383
3.2444664956730818
3.250786895961809
3.197563848815052
3.2386849289040143
3.2508469535830855
3.2260317875690796
3.244271810047353
3.225363642873692
3.2230431837988935
3.219551213879604
3.2173157367159133
3.237721696330109
3.2417062620588015
3.2199778950290727
3.206340491792167
3.2119241636884257
3.2279546585381262
3.243226543438529
3.2350553442093744
3.225000357622121
3.2611016104645802
3.2203143171548203
3.207661539693445
3.241315703540504
3.218822259465254
3.217046194630111
3.2160594142172196
3.222648473731581
3.2310102340198914
3.2331095444104148
3.23392980216225
3.204268663553401
3.2235688345884133
3.2214559036056793
3.231981358465058
3.21583648521083
3.2197665441765366
3.1952281162767533
3.2006521486522104
3.2224272381480397
3.216519127486166
3.204717250590037
3.2283115145810957
3.217258347926763
3.2202601719244384
3.208481856063324
3.215655475265191
3.227425880926169
3.2141603977895126
3.2176215050172288
3.222954307080732
3.2271204374291593
3.212352330017786
3.235171934361602
3.2065252594174196
3.202129710572092
3.2136972310177976
3.23027051028856
3.215259631693689
3.21175682355602
3.2142804713632636
3.203252312112392
3.213200288727148
3.2363950659792726
3.2227280315997793
3.1955654259910724
3.2213237340020213
3.2190439907682507
3.2268344469230574
3.2068824588687557
3.203218787699241
3.211801924555683
3.219719266307463
3.2032773232726104
3.2058087550161773
3.214096220366364
3.209398842045073
3.2081778308026916
3.2132358181633864
3.1955541143270194
3.2188993152771994
3.222563763583471
3.2037152622377327
3.2207252098583963
3.226611674934009
3.2149346734919217
3.1995942289748407
3.214926148240371
3.2067648437394407
3.210038369101326
3.1984865336929182
3.222811777777384
3.2310155205735662
3.2004811963827557
3.194388599685077
3.2211566423622577
3.207933743048232
3.204981934536935
3.2654260782664357
3.2086874060535955
3.1920094650726107
3.2155986159014245
3.2149125300641703
3.214670281380546
3.21782225856185
3.210552648603502
3.205021452970116
3.196489297879889
3.200088725264813
3.194884862117684
3.210081578337095
3.210802488340422
3.1877997820059796
3.2016900732847535
3.2029743696267903
3.2089890940302674
3.188192120480197
3.187666055361866
3.1933236724186176
3.2162817948905347
3.218395969430485
3.1867137231341363
3.203215181864747
3.196806047869262
3.2176394021534294
3.2069053357643726
3.2222622777811414
3.201364108305259
3.212465443047572
3.2141615070944813
3.223635130636408
3.2066201629914333
3.200274685279145
3.1949702065228505
3.190592906469246
3.193933843224366
3.194895697762865
3.2063958326658426
3.191719796244486
3.197165290440304
3.194071647830166
3.2086745177364606
3.19970123788382
3.212667391430306
3.205955079655748
3.204082777485844
3.231049407535103
3.203158995150527
3.1871649302523197
3.199968998803297
3.1929856208188316
3.189528005400435
3.207407672031808
3.2071279452359565
3.2080777493188557
3.186141093852456
3.2160009314232227
3.228834803237249
3.2005492008978287
3.188482743373972
3.2038909491021683
3.207894609945398
3.1951792343520258
3.197043854351981
3.172706622331584
3.1978043370297415
3.2296904840724374
3.200719693067209
3.186377730825874
3.1889342939394374
3.2065517332024354
3.1971720283264795
3.2055056813280385
3.197041662050926
3.185858758224794
3.1825109734782187
3.2081946336984113
3.196767478996005
3.1937337595734383
3.1869518825906584
3.198859779278363
3.19363496215025
3.19474860449165
3.2104817085381865
3.1833827399284043
3.195096420776324
3.218833334498412
3.201786998014108
3.192964236209339
3.1845008319202877
3.2080236567787686
3.202938622544448
3.200514887604647
3.1952387249104794
3.1871384821236175
3.190025204586701
3.189639136355522
3.2004606692169935
3.17935679320245
3.207617081971749
3.2029524510991014
3.2067166508970786
3.188758848333147
3.191243941516805
3.182166722235145
3.224277715939236
3.1907075891009424
3.1881401634192787
3.2081657209045162
3.196797117801142
3.1797647689676647
3.2021156011862146
3.213882802786392
3.207295460542458
3.177517633001423
3.184534298524834
3.2098325791612057
3.215317588843285
3.1953602613786076
3.1783543885719348
3.203117169844596
