sigma=1.0 time=43.377999782562256 mc_step_length=0.5 num_mc_iterations=100000
3.334077731330194
3.2295043051456793
3.2414803388351445
3.3080129063195938
3.201252264131145
3.1896236025959097
3.1675815336497415
3.265561211492094
3.261634833178275
3.160719834180657
3.171629395105667
3.198531794324111
3.2252492021327495
3.2172655494136704
3.1903825382139948
3.176095690184168
3.218104112017363
3.1552447037884765
3.122622494424124
3.20498552685676
3.205221318918869
3.190461772230856
3.1842978445144996
3.205107147679479
3.160570284655858
3.1344356890357683
3.1504617227351623
3.138575967439143
3.142880060124458
3.08176669930044
3.16771626552839
3.1644156661942615
3.17142491007083
3.106388961736807
3.1653753473678616
3.1804983810526424
3.17031626674563
3.1535422515913734
3.149280341783616
3.1396453640918747
3.1124544269837524
3.1830692665271596
3.151559440057495
3.158616236361155
3.1624118157422414
3.118964004161695
3.114223371299982
3.1335499956527917
3.1615230969128865
3.1555412769091586
3.1104008358054864
3.096855549559364
3.1214835064168565
3.1042267067847726
3.1392763922214075
3.1732670437257062
3.0929878841825245
3.1703897455549583
3.108396499883484
3.130495022589453
3.1039270369772405
3.1285604008323014
3.156055493091906
3.1102056253889208
3.1099009998595872
3.1321873870925536
3.1482626182342743
3.145014021332347
3.126889096255588
3.133166367858394
3.0891686529224325
3.1607536094718833
3.1614298337033424
3.1759486926645946
3.1087910035659787
3.1273375306131013
3.129140055108101
3.120783576008021
3.130133486486049
3.1079661652237873
3.114194869150946
3.0825058686004976
3.13013314406689
3.1755710996733377
3.151681297020456
3.0879250285478417
3.138031918950443
3.083524097952444
3.090320175203143
3.1324083446412323
3.093624416911509
3.073206541325847
3.1328911017150896
3.1876935243669533
3.127773987050983
3.1792241519145823
3.1252580748227574
3.055496491670985
3.1236193322064167
3.1155312239052275
3.1294894238866813
3.152598418609441
3.1231442181038953
3.1069995630024287
3.1237573422836054
3.100251489165412
3.156409413369385
3.112288935290004
3.1250689227912516
3.1172504632155533
3.1166489062672507
3.079130006313879
3.146314659581416
3.092225923673198
3.1519856955822836
3.1879990087798866
3.1025401271902084
3.1402390153297315
3.1115614419996125
3.121654570591397
3.0910898454197526
3.0866238590790718
3.1516221657509353
3.170142262730069
3.104343284145019
3.0923354742732094
3.121857445348249
3.1647467288753846
3.091814910853988
3.117755575233658
3.1044733876559953
3.1285947825276494
3.1861234873180098
3.0891002239082224
3.0967803929263873
3.0895511181928255
3.0830856792933545
3.151514862260626
3.144065121554589
3.1134126346430597
3.0862910338200886
3.0833451208202454
3.118225288572579
3.099365723560737
3.1438288250682
3.1527214539940656
3.1491340838158917
3.186357247864378
3.1742016739306473
3.1606768920263204
3.1061105187256173
3.0791112777275407
3.1126460390903548
3.128027907107415
3.1166677076273377
3.11705928213746
3.148407202239777
3.143887788162413
3.072973615167697
3.07438384621424
3.141058661838404
3.112684485983791
3.0893335466879486
3.132623955863639
3.0799062683478424
3.1627207745978163
3.104800364143526
3.140964276641828
3.098865485320636
3.085215321307965
3.1725769053494686
3.1314514585732756
3.1052178610662833
3.089873555754257
3.1209061080115235
3.085873604672118
3.1088454289464087
3.090111811355964
3.1627822875136995
3.1321939087956405
3.108035066005302
3.1169932462096512
3.129246461736535
3.0815830100085724
3.1399319629872418
3.07905576932149
3.168358896828404
3.128579727220882
3.1277082060106705
3.1831222870400104
3.110962308343544
3.1003083008022325
3.1187303034868536
3.157561115943432
3.122675339055066
3.0924119521729887
3.0843003069303006
3.067099569505931
3.1203472454874066
3.124228671086619
