sigma=1.0 time=47.61899995803833 mc_step_length=0.5 num_mc_iterations=100000
3.3321419551038036
3.3238665838845063
3.2694654692443965
3.283681559150787
3.2539990573303283
3.209468611956199
3.158384877459989
3.267697312841814
3.3014072488620756
3.1963215033447927
3.1984849516916594
3.225824512057767
3.2356204708739544
3.2159901355192306
3.2603146919085972
3.203188352617863
3.190311559525625
3.11071398130255
3.205909253610395
3.215094584046475
3.1911963823435356
3.247966784701687
3.21023593270592
3.2012204829733
3.1921816316288663
3.1775453530336324
3.159382379246234
3.2296159799357786
3.2373727383917545
3.1982113053494787
3.198766757593986
3.149541438056018
3.18220666515991
3.186452583546785
3.2861168694408622
3.2395571177486024
3.1599847248228383
3.1481869477890814
3.1795695475032937
3.132586329541839
3.211867588569388
3.202943585505845
3.160241276341123
3.2069518046523173
3.1803036080526255
3.1960231948555924
3.1611459887344107
3.1813594126921747
3.1863224550613376
3.150698141742337
3.1440584164791043
3.133074159284113
3.1650420127544447
3.1877641526801686
3.20112125709195
3.1762993928993897
3.1605008342498118
3.187695850947355
3.1567665454858624
3.1634263547677017
3.1586518803360013
3.1749323005774164
3.1777444886601574
3.157581784460225
3.191550682633343
3.1954313590119776
3.238166925667797
3.1981391415505036
3.1449203280423896
3.120627463845088
3.164433442363057
3.137201407319822
3.1514357523480516
3.216908433457865
3.1508296480145375
3.1129310645550627
3.173373980300587
3.161533335290851
3.1051714731666604
3.1150505680471534
3.2004655859629914
3.1476969984818832
3.134808223501854
3.198856770156783
3.183291230872662
3.108533822556765
3.1803565834581295
3.1188625229590907
3.134898831261754
3.1273900145715308
3.095628042215712
3.0871469385680186
3.171842888174499
3.1350571683865143
3.13641473956019
3.1644452820346296
3.164005816718607
3.0997019110336694
3.1501088567341555
3.1234127587285774
3.1917605375136526
3.1334855434417044
3.097018340150166
3.1025424213897668
3.092412659120481
3.1606338756541534
3.1761937003951908
3.131761744532379
3.09151269284145
3.09314851316313
3.114388817721178
3.0714284510175975
3.1139051260180572
3.088593780600138
3.1547290828565693
3.2053263948733544
3.1153644604261284
3.1486641574486876
3.1116214795392794
3.144862139575404
3.0844844352441263
3.052404573668157
3.1408506914742684
3.193542537272373
3.0931938346491448
3.1613125664311528
3.110287409870485
3.1157920986630305
3.0846049644434994
3.109682634925997
3.1210419340834874
3.1129643112741943
3.1479983030322227
3.0990821650907163
3.084558362585551
3.099343855821492
3.085616598128334
3.0959590835762523
3.1103879604685614
3.114373956745034
3.1049326609722843
3.0956282138369944
3.0890975646069236
3.1122367105269273
3.090576726291399
3.1296695741150398
3.1102157285893215
3.112350707893135
3.105912437779395
3.139914327169471
3.08619922347555
3.090982822424154
3.063466186381782
3.103999183214488
3.097712432884521
3.085944615575544
3.1013354862941642
3.09811654898693
3.0889912083797113
3.066495562338673
3.0840927212563725
3.060031099837441
3.0912166143416826
3.082860435273396
3.073033524128391
3.1192697402660405
3.0762079677187826
3.1413747204479114
3.1211479203057753
3.06455035275983
3.0998709282943877
3.0746711009397028
3.093990478280369
3.0616865900097228
3.0803764337000845
3.0799820108186906
3.075225384158743
3.1113491630588266
3.1157642813099224
3.062940495964039
3.1141065921640005
3.0978099827940535
3.034775039540691
3.0456063694219644
3.1237375213517353
3.064740359512466
3.0931355118898933
3.1246381052755505
3.113598822764921
3.122758875944871
3.0678951085472317
3.070248380114449
3.0941533728260837
3.114845103947914
3.0735170137682166
3.0698827996938594
3.0765582457037457
3.067903483400972
3.054410520040929
3.0720590573279685
