sigma=1.0 time=639.1690001487732 mc_step_length=0.5 num_mc_iterations=1000000
3.3392162088347925
3.320102329166738
3.283422432052013
3.2665318863667734
3.260400412645588
3.2542518839922105
3.2574562671086698
3.2218885653853087
3.2384288036919684
3.2326753083426376
3.2245122815126055
3.2385439751997125
3.245384386008606
3.2146225293209647
3.2268047098999197
3.2170316182505143
3.2118279400929257
3.2100110899348677
3.230168462700539
3.2071754869381004
3.1978829369468884
3.205473447928447
3.19674688051186
3.2063576158304863
3.1878381245975738
3.1937606143878203
3.2084072037674627
3.2080384229868235
3.1968403755046078
3.202424747243211
3.2048272574027457
3.1954605645624254
3.1847732105895954
3.2001130064252674
3.1777067261504137
3.1860523828480956
3.181211218409005
3.1842113004113175
3.181531934505326
3.190924525972938
3.1794704782643692
3.196894394178789
3.1768553512263966
3.179139653455522
3.1817741670416457
3.210014832652761
3.1634766168474053
3.1827535334302737
3.179325396447234
3.1751313204225546
3.1775406532013255
3.170673086675562
3.1843688031292197
3.175486495960125
3.184789429958753
3.183360881146932
3.17858684973699
3.177574401871018
3.1745028872848775
3.171327576097753
3.158264273823525
3.169057164510431
3.153940326791109
3.1670281754626073
3.15199085182493
3.15880653170141
3.1700837683389307
3.1488681286265727
3.1555119447994766
3.1676550931768346
3.153484915301133
3.1563335997880713
3.1331601970185936
3.1533633451779775
3.1503513569876476
3.146915386445063
3.1539944901064065
3.1578490188645008
3.1666168334871214
3.1405404721799743
3.160847994476715
3.1339448205383507
3.147182437646391
3.1532011762828174
3.1473961371007477
3.1512806816236743
3.1349534018469916
3.133631879925335
3.127682871655027
3.1305472924631768
3.1611897117885
3.1425342717835694
3.134092710841091
3.1270021709688227
3.1322799188883974
3.135379280816735
3.1461143566602328
3.140950307891235
3.134019192073885
3.148553033943694
3.1220774236527666
3.13130505645703
3.1383603469432004
3.1250844426415645
3.118338661236269
3.129902616929523
3.123264885017757
3.1236596488288453
3.1274244570821375
3.124508695394074
3.1107666248703745
3.1180342660695284
3.1181942846896264
3.1175672073018172
3.129514579239655
3.1190061038767203
3.0923484560156096
3.1046298953526086
3.1136035350724924
3.1129053274486074
3.108792402167291
3.116033173863582
3.1175451637335176
3.1165402645473965
3.1128407702780887
3.096803828276933
3.115245290709117
3.110051325399773
3.1157448274197175
3.1118199758992318
3.1052717900711615
3.0946719464177574
3.1179123411350456
3.1030839212424426
3.1073683922926554
3.0998419439392526
3.101271392385886
3.0980856620531445
3.108651406856332
3.1140012494203977
3.1006214875908427
3.0914029824024314
3.1083861767668206
3.0942210713455087
3.097312141239697
3.102552785231904
3.102345207127311
3.097111607039196
3.1088866620145987
3.0857550429612286
3.0938053217075128
3.0966252775686645
3.090244042913274
3.093199877651041
3.0988829861496985
3.0958989241844037
3.084835680512273
3.109782191830948
3.0791765108228186
3.0946026242580054
3.0804715020227174
3.0926274214889666
3.0955099207899064
3.108711751659067
3.086449072225269
3.0832902941990494
3.0888560436942036
3.0969343478505778
3.091281479835398
3.0866380253352084
3.090951187789959
3.1029333173140983
3.1029342290507143
3.076254383415787
3.0881566001292735
3.095642169057015
3.07613679460674
3.0999733471870576
3.096875470134086
3.074508995327118
3.0942164453396788
3.0994439027522307
3.093831477628307
3.091092624841502
3.089617737586456
3.0891252359183503
3.094008624502853
3.0974510755689213
3.0768173241989283
3.1005526712355254
3.096394807466119
3.090342806001016
3.0856278184141464
3.0853496796113884
3.0882870468694046
3.0584413279928806
3.089544504375277
3.084657122047046
3.0743486150005648
3.0890183725730505
3.069906446900111
3.0917927265455885
3.0859294113513873
3.096870582614771
3.0760055622597573
3.089785498655463
3.0714023922829377
3.0808378304883934
3.1063297409611175
3.092292859346756
3.0874378701917733
3.0781272824283974
3.085419046271084
3.0947655856294536
3.0807040548754956
3.086859493663969
3.0737074714981425
3.0780777981725937
3.0898539751215317
3.0775343748758264
3.0811385246367924
3.0792411248181195
3.083052470803474
3.081054951544254
3.084340744056306
3.09177389887926
3.083406332498064
3.0847974794518582
3.0733960066468895
3.0879180799023973
3.088022223934682
3.083594485689371
3.086545974441345
3.085419915014537
3.076685811969107
3.0815153568507916
3.0931990100556788
3.0793903369541678
3.075465547671394
3.092959751344461
3.078749455050421
3.0793642315352967
3.087245728761289
3.0948538912328742
3.0853759836099592
3.084053950656991
3.0787742371769955
3.0830089757721018
3.0888077135160885
3.088997630567119
3.097736123279944
3.085402406310553
3.0859068700369834
3.087981796429477
3.0817492692683657
3.091786232736386
3.0891961234047
3.0853880829538585
3.0843748077975395
3.0859998866105647
3.077243364577787
3.0909750355150556
3.090592471895171
3.0894184614734037
3.082013916703577
3.0826387797157313
3.0814723217591826
3.082642633033752
3.0838043013470737
3.082349928887204
3.0776890492833013
3.0804344288501246
3.0866797895186324
3.0722703536523026
3.0835675570200447
3.094655080958763
3.082498485558583
3.0821555809300056
3.0828118211903655
3.0923406667402764
3.0802648159426957
3.095755287918724
3.085535070187332
3.0799603834733777
3.096590993167826
3.0698980611258557
3.080700050843234
3.071037672764548
3.0822555139449808
3.0864299527979466
3.091739207126455
3.0880202256067495
3.0975947975188483
3.094547430611642
3.081261409597826
3.091283160842449
3.082148775736375
3.0740238014104087
3.0761525832170906
3.074696508423225
