sigma=1.0 time=49.44500017166138 mc_step_length=0.5 num_mc_iterations=100000
3.2947742548547136
3.2065034790700833
3.157130052557349
3.1622367381755923
3.142549504446426
3.1017784676567715
3.107430276064567
3.1812703791645056
3.149369300409341
3.137304291550627
3.122997358779983
3.121573129903736
3.133991631471761
3.0999718668418224
3.1244721635116806
3.081244799995948
3.1095226883165874
3.0784012802876077
3.075590966018868
3.1129459562038186
3.0644735431132313
3.0895277774129615
3.152749761185831
3.09964330194682
3.049923929688981
3.043315261087749
3.078404882946961
3.091176681107978
3.0642987860887
3.0523263377589593
3.0654765935642416
3.1568380573132244
3.1852999826209847
3.106882956908222
3.066264008936499
3.084952030040531
3.0721144926490696
3.0995175478402475
3.100600835583729
3.0650098196259843
3.0827440298188904
3.1004876946058952
3.0843273089670964
3.113880499367273
3.142885245100132
3.1356849350686025
3.0866215134068593
3.1190039261944627
3.1323046517501307
3.132972249028023
3.1205462973546334
3.0640515106324266
3.103312353232219
3.081281586750675
3.094614194905478
3.075818836212594
3.0971344362065207
3.1306179896052675
3.0802100277737003
3.094966826312487
3.0981807872010947
3.114733317340404
3.0756315806744214
3.02165080760477
3.1044428993959854
3.137029004820488
3.128581220670151
3.120146449675706
3.1334837346830056
3.1124498887141434
3.094403679713467
3.1294633600742823
3.118476117800158
3.1424439709844108
3.092824139976636
3.081944327518285
3.102783708589181
3.065181627600217
3.1031218649437147
3.104824706290318
3.0522459495208265
3.0661833975056263
3.0766471525286563
3.1179045544742614
3.155049254786076
3.0838664411972236
3.0970457882148064
3.0737783622178743
3.058312485722281
3.115110250918121
3.073790165339356
3.0796113212132252
3.1118204092616373
3.0819721704547907
3.097176364813303
3.1281406783042267
3.0930640433849113
3.0761831211409842
3.1072629434358587
3.053748607542027
3.0814924213716735
3.0743830142079283
3.0934291477398435
3.061696135578398
3.0786685449860927
3.160685093727661
3.103432861042322
3.0680516459890126
3.081834396189241
3.0759726465050465
3.116343016017716
3.063392000743506
3.060384761739213
3.057096411618573
3.1233398118550353
3.149921547854485
3.0637916111492687
3.124747196333801
3.0846034166220315
3.0807062144437274
3.0721847308995667
3.056521669448259
3.0713046777447746
3.1328506715458855
3.0841903283331833
3.087872641052961
3.0837942857251193
3.1116996463912874
3.0633823187450115
3.0550473260815862
3.080257276080853
3.115042666796873
3.11729222756548
3.0651083112506265
3.0913248662730504
3.086428357423453
3.047296650230466
3.0836244037212137
3.0919635010877475
3.1136167089594187
3.0864996979906643
3.074677072642432
3.0940628229313227
3.1592971747336502
3.0982398643294196
3.127867577044955
3.066695687733407
3.139006985576901
3.1073132587179333
3.1009528454295907
3.085695156611984
3.078774969772581
3.067266862187887
3.1093642900463982
3.125735847946145
3.0741763418019143
3.0470013882548366
3.090519594561251
3.07970570373414
3.054273036332454
3.094481049388674
3.066690449574631
3.07269413074078
3.100299665491357
3.056091546045001
3.111569894761045
3.068683573169453
3.1474845495832238
3.0816522385302614
3.0925038703859093
3.110055366888596
3.073261615108044
3.0953414255252456
3.073743756161576
3.0530396085831595
3.0764960434219217
3.0463848359746284
3.0968176828950624
3.107898249548562
3.0577347548867158
3.09508768975149
3.101780573214636
3.0455451484249894
3.0300344366937786
3.1296326821590466
3.0810513456542794
3.100969789684895
3.114309593841158
3.0906752314177246
3.1058444581952083
3.0505933842735247
3.0794796424782143
3.068029197527725
3.1356486436307107
3.0785449042008595
3.0728254582448518
3.06484641134653
3.0792410848213487
3.1166484387611053
3.070834070509184
