sigma=1.0 time=574.305999994278 mc_step_length=0.5 num_mc_iterations=1000000
3.3353930551364637
3.357662938601266
3.3334830722448214
3.3150468369799526
3.3135360690961577
3.320938014007494
3.3295867642583272
3.2971732456888363
3.346163432918153
3.338561371972645
3.315967755281098
3.3117535121062884
3.345542451075196
3.2963310888362525
3.3205694146463647
3.3028436665647325
3.336001095457126
3.2986704725664104
3.301165820769815
3.2994440738798585
3.301724197773396
3.273854232019396
3.3001787509740512
3.337134885391166
3.2839389894399256
3.285124952707779
3.3081404042536438
3.290949798940324
3.2972921196680205
3.2939062699608863
3.290576847860965
3.317307060211629
3.2862959205869444
3.2945584304260582
3.305309473697016
3.3162391128017923
3.288226027569331
3.2670995542866135
3.2899358336743916
3.3104493228979788
3.273951805004083
3.3022582563040137
3.2866372405548927
3.2836441343541227
3.2847443907832394
3.312812764224996
3.276193684666749
3.2833466448210946
3.2882746508230496
3.271166092348312
3.276710290605133
3.3043434620723904
3.2791551695147363
3.2919397328219797
3.2955759443384025
3.2792625294105697
3.2848411937749624
3.278801878914391
3.271645205179974
3.279447242137998
3.2728727499727035
3.2987240776874
3.292875342574597
3.2800326930392125
3.2630987837287604
3.2721939489756853
3.2782516653112928
3.2691845012991316
3.2551799479949732
3.278040253297972
3.244581157134222
3.270039900821095
3.247009264920724
3.2603056638297416
3.2730523660610435
3.2715364626709507
3.285363584436498
3.2735288135356235
3.2735318993702474
3.258003159597932
3.2874219084940557
3.2386900684396154
3.3088665919709483
3.2697732970453854
3.2528825408424025
3.292235306624705
3.2559273323939
3.2610514441527028
3.253048583259223
3.2403457544335796
3.269513593877204
3.257556770635737
3.2413405401091184
3.257870714269424
3.2451738309922002
3.2498867918000904
3.260183546466505
3.281050954907245
3.2695033937411773
3.2820325136690247
3.26044514926866
3.247067588681796
3.246572457208504
3.255329714649193
3.25058485358797
3.2588003086208928
3.256944242690259
3.2701210769308062
3.257928374024875
3.26075045728415
3.2509322756937578
3.2667726160611736
3.269123348932533
3.2428143241861354
3.2428843310652393
3.2509917142299054
3.2151699757814973
3.260052703262964
3.258589522505768
3.25521797106415
3.244372799899156
3.2699732867945723
3.2605143775449923
3.2417269170644167
3.2213740655736456
3.2360099892410976
3.2595856890106334
3.250487308860159
3.249763226984714
3.261257596390675
3.263529281342501
3.2337155236306825
3.2496015231566657
3.2446201398262566
3.240795062037468
3.248168936693159
3.2471215779896268
3.254788915964823
3.2502212796521732
3.2456576577051917
3.2288365887515433
3.2430512804810734
3.263212866869195
3.265050492477772
3.2350852071319967
3.236831446233792
3.234067272869512
3.2423511351832586
3.237919164995677
3.254660897710207
3.244497483177394
3.2522136919922624
3.239639821409853
3.2257377399758083
3.242651078246552
3.233630301024778
3.2391871745999024
3.2409617896108056
3.2290702378642764
3.2649785084888987
3.261513314725569
3.238246391092345
3.243967559982375
3.2540466141801456
3.2269971498296948
3.2369863725356782
3.258929219425697
3.2519549352769275
3.2608392730513636
3.246266640048759
3.257481277395565
3.2657125245078285
3.2478820934143404
3.2320990457864056
3.2518458709354134
3.2413458066504623
3.250614246639234
3.251770898247018
3.239909071785703
3.2255465045272183
3.239928298881637
3.243341338459851
3.248713837994105
3.2463388734650933
3.2297376053719855
3.2285745473696204
3.2325306520826866
3.241073465878221
3.225492335902198
3.227944269624637
3.2498771760491474
3.226546019633684
3.2311949331972976
3.2393957156374777
3.241016452681491
3.22052299232605
3.232925122748841
3.2384173690079874
3.245421408312952
3.2610403113929394
3.2198864892283763
3.2494704521903857
3.2274017850788264
3.2425575300451452
3.241598619342296
3.2540158426779464
3.232114859040698
3.2343749545462157
3.2318373161245364
3.2189176200577383
3.243657963863787
3.2382448162332786
3.231245474356411
3.248352776724854
3.238517114426109
3.2252053900914923
3.2218006128228014
3.2313851109491276
3.2242021208524405
3.2194491545335167
3.2335252108055905
3.2429246586704283
3.2828141016263737
3.2525759629999325
3.24938782383061
3.2638517818656614
3.236372930009664
3.236384570666516
3.25950790630724
3.239196875431967
3.2241486350716464
3.221435431893897
3.2339404977947037
3.247804008915589
3.2389834851089763
3.2510852422176377
3.261238574590229
3.2496312591554792
3.234679744475475
3.2483819165901378
3.242673996027088
3.235702775016961
3.2345744177682896
3.2064721591434653
3.244837675628842
3.255933841017992
3.244996901149974
3.2106807064550127
3.2326993536428077
3.2318149545000847
3.246619598755449
3.2407331425105808
3.215466052055826
3.2084265009947583
3.2218046956696407
3.2310635944800103
3.2482220256928
3.235172234223108
3.245111762708787
3.237786419864564
3.24042342363493
3.2410477057324933
3.230092103954273
3.2377294529096248
3.2369015646142425
3.2383034601034844
3.233544680379432
3.2395034037078885
3.2350163378956
3.2429234256091672
3.2280205871750343
3.242090325427226
3.2328265183697433
3.2205643605100747
3.239979025233761
3.2210235483136436
3.241283320638288
3.2312291156611157
3.257717225754042
3.244291167888794
3.2350777239175463
3.240864213919685
3.225533374415364
3.2206400165627804
3.249251855255881
3.2418634212100312
3.2176331633328417
3.237282274776858
3.2365560782738227
3.2372426359571165
3.229288653160406
3.2550013998012406
3.2361219761065185
3.216791536002992
3.225946621843903
3.232610699001898
3.244717975116068
3.253753852836869
3.226431989261436
3.233131368718793
