sigma=1.0 time=48.30199980735779 mc_step_length=0.5 num_mc_iterations=100000
3.2947742548547136
3.283908991414266
3.2619917946428396
3.3315385113897658
3.2498595237934187
3.2213058758629822
3.203017860364805
3.3063120475831926
3.3093160088576536
3.237265968267108
3.213145037015979
3.2759748484833406
3.246406715458012
3.2423351737310857
3.2428247658611005
3.2554215041939965
3.230914755130011
3.1933521115181036
3.264490675153797
3.23195168312984
3.2396065896857635
3.248822366253279
3.228420866851602
3.2792685149205782
3.2062643058887064
3.1964870651887898
3.178424152092359
3.226057264426063
3.273499858258716
3.214695750516292
3.2282487131102235
3.1711944732281174
3.1978174425922785
3.1919379687099254
3.258952350858871
3.2848333770344977
3.1957290672658236
3.178442778266965
3.214030930655946
3.178107874023509
3.2399927660763574
3.2500132115357236
3.213289731487186
3.2373049658506114
3.222898139212614
3.220365723013244
3.1817105968469237
3.2374455940491216
3.2220749384884084
3.173308273931306
3.183003920343168
3.152077447526975
3.2374684822147595
3.166135890665122
3.2452588885350626
3.199470528356857
3.201802488638791
3.2237324730807417
3.2254521537939196
3.19011908077256
3.191244623733564
3.247531755803332
3.1934310982890453
3.2076071092554446
3.240998137011981
3.1924258979973765
3.281956397888253
3.244102263098431
3.143847514008266
3.1918431638202405
3.187505361391088
3.1870560122025395
3.1552995323725486
3.251512225757033
3.190394736000096
3.173623150965229
3.241959961290535
3.2057782088954876
3.154346258398484
3.129181293978718
3.2273364395148527
3.1999057275040608
3.194774590452105
3.3009065432069487
3.235129495518688
3.157251739919844
3.2414343576437608
3.1558852919612863
3.194183773899912
3.139900440854319
3.116268002540152
3.1431953417179512
3.2149027609899212
3.173976075915078
3.222490793717791
3.229207592120518
3.2400542660206293
3.1304720903606316
3.190032867611867
3.1941729898010505
3.282461663072449
3.2068579879908627
3.212414388706387
3.150855243852662
3.1390941043604528
3.200835805325025
3.270319392696458
3.193483116560765
3.1666549708136107
3.1155457570285
3.167654465413988
3.140153691024061
3.2082037426725662
3.1325961174233123
3.2376855585723856
3.2560132394804024
3.143948175378248
3.1892621489080555
3.1801155184286323
3.2255454579152874
3.1660474665157405
3.1629412926132967
3.193676699214159
3.2134873357843787
3.14069771155183
3.2317196892346405
3.217868080376171
3.222112299176411
3.184772319766045
3.220642583631149
3.160157852936417
3.2234666802597878
3.2587027389990566
3.167382349352911
3.159603064757593
3.1629850273528226
3.169975619327653
3.1424664180597612
3.1753590310499797
3.145824707239089
3.1159896729409216
3.156704113225307
3.203952953173924
3.201864112819968
3.1800274569552496
3.1789219514359313
3.2443800559553733
3.1758556179054245
3.2127127928521033
3.2206741869877797
3.159675367358916
3.176835326023134
3.1790083697589178
3.250080152729398
3.1422124590348033
3.19689052017205
3.2228524165199817
3.2007121870238944
3.1802513488155233
3.162144667802673
3.167159151160482
3.1681625446132493
3.1666585380276744
3.2351040036663923
3.1346846276574123
3.2792254430664904
3.150343962498127
3.240657168462364
3.202367509870415
3.182860451115585
3.208642118238007
3.139764496489657
3.210074624890557
3.1931540423971136
3.1911459030092773
3.1576851361741234
3.1892353431397553
3.1314063675376294
3.20760612734856
3.1506252285783476
3.222960859762195
3.219786160108598
3.18998939220588
3.1702280138087704
3.257430080640639
3.135201851467818
3.207575611789692
3.4636710955318346
3.139698626483118
3.2296119121966127
3.184233273340945
3.1433714535927795
3.1489994655482123
3.208007820551303
3.179028532261767
3.1674180835328776
3.161761774318344
3.1309770429873702
3.2320779929587475
3.175096613568508
