sigma=1.0 time=653.0789999961853 mc_step_length=0.5 num_mc_iterations=1000000
3.3392162088347925
3.2349080435733586
3.2074966954822144
3.1832319254440438
3.1852813506274718
3.1715255699579923
3.1749366986544767
3.140997849821053
3.1473500628606863
3.1340708900692067
3.120187721270519
3.1302165980685683
3.125868528085608
3.10777215522924
3.11332740365207
3.0905798637834563
3.088829657244267
3.086720545832461
3.09570734410896
3.077449880204348
3.106965701836106
3.091667570166584
3.087789244787166
3.094063572289633
3.0914320312349055
3.088668981287919
3.09666704228237
3.0921486424509834
3.089183737827501
3.094349576306157
3.0811321000315663
3.076030128637424
3.087468551191946
3.0855792103929818
3.0792159388727525
3.0834352474854994
3.0684072139629692
3.0888378634493656
3.0841101778378324
3.0852914684304635
3.093145139963009
3.108245220563828
3.0817658548963274
3.0933288738214606
3.1037785849843242
3.091492740753572
3.0846858723701094
3.094743786748615
3.087575188629842
3.0916780216068664
3.0862901966754297
3.077852784188014
3.113065701715952
3.088937969677598
3.091026128807935
3.089705801987751
3.090412198013069
3.0930544176453956
3.077335558610416
3.088295700373598
3.070597180651143
3.084911569009815
3.079307441462369
3.098401926965337
3.071825718391927
3.0923927791209076
3.1019298192606373
3.0932022522946347
3.086421539100783
3.0888528085668865
3.084346300812034
3.0922233265136443
3.0786539243963804
3.077913861976975
3.0836198338650345
3.081172526361627
3.0993106432278936
3.082030779104727
3.0949153860639584
3.077536427141657
3.086954903755916
3.063959788315791
3.0797639874293057
3.0974050297581903
3.0816065545592317
3.0774934478839207
3.067034370675313
3.082855907524829
3.0821427073509886
3.0845725673878626
3.100533594758703
3.083186603167032
3.091927816864536
3.0866655258753655
3.086255658559729
3.0823064016302664
3.086464333735788
3.081984900361052
3.0941014327693748
3.0893191090210164
3.0853292594611497
3.0928929443412656
3.0944619288982174
3.090682891846547
3.075311490358641
3.087500225620426
3.0873711165143694
3.0780845293296517
3.0917708253146454
3.08432897281496
3.083278197272536
3.094004914114843
3.0916666967222235
3.0861496592749247
3.0851883415640056
3.0966691969207862
3.085286517780495
3.086199936091077
3.0847225091705326
3.0921988229074677
3.078635546997822
3.080508949239876
3.0879905090273363
3.078983497930375
3.091044240180619
3.080108031306683
3.092028526491676
3.088749816815104
3.0885550448444303
3.0819971785889675
3.084998144249508
3.0704764111919567
3.095999559108816
3.0827276693841
3.0802638341823627
3.084863363805515
3.0786064427620694
3.0737958677047357
3.090328277094285
3.092600201589718
3.0825684702075273
3.0792874666617958
3.0898698412967462
3.0895288385123925
3.0877151809250885
3.0888775295131197
3.083885785101355
3.082332774292385
3.098221727300085
3.075696379347722
3.0801681422795126
3.0827405191621926
3.0708793714457725
3.0876690088969005
3.094467160110019
3.0887510678674084
3.0764710244121494
3.0987411966156198
3.0779394905987107
3.0910126532771636
3.074397404544128
3.0811406224742877
3.0866219489711697
3.090699317430032
3.0866382634754452
3.0797424985176667
3.0899666643795105
3.0853982813650958
3.0859232407329986
3.0805520260561012
3.0848666544179006
3.086922434906227
3.09505092738158
3.076522306762272
3.0876465641534554
3.094583948443303
3.072720027153729
3.099383227375124
3.090831605568923
3.0718572380142173
3.087585611853828
3.103151138895259
3.0838696565472827
3.0871822069326598
3.0874989643534128
3.0882469155185484
3.0875510529308436
3.0864832488589595
3.0752370659780466
3.0949942548394382
3.0871226301487367
3.0836691182680163
3.093929393489567
3.081062958094492
3.0844677948583787
3.059034515429268
3.0914761190760145
3.0831495250752283
3.0757593177911637
3.086420391526066
3.0729292235142593
3.086545698609108
3.085706886473886
3.0981625219819815
3.0759381924671234
3.0950439189900543
3.076039550496745
3.0784020377652093
3.098604406637044
3.0839908211201212
3.0844899625321514
3.078428349254769
3.074561289109424
3.094327483468227
3.081911612121969
3.08562166855871
3.079658367432334
3.084387765823673
3.0908725636993224
3.0812990298684326
3.072937491069633
3.0735621912232456
3.0826520409774223
3.0860235369484568
3.081513259638613
3.0898839761457535
3.08947232808535
3.0887054135422383
3.0750416115496924
3.0852684390879253
3.091084079927534
3.0891725673278034
3.0838018907433162
3.0885140274273373
3.07782837929222
3.0849842236070515
3.0950102622703177
3.079205245131483
3.075300314572057
3.0846069507580984
3.072555991177168
3.0797601254761124
3.08216373240437
3.0919683367499666
3.0822852307493855
3.0878903685238446
3.0759951137746993
3.0901307465032857
3.0883306144641423
3.0875543671001213
3.090917022370618
3.0916709419160093
3.087785889157367
3.087956858435699
3.0724393383229347
3.091888311161005
3.082975686173833
3.0870957501865934
3.081992866842176
3.0852764952897944
3.0737251871973528
3.0939460971632933
3.092929508823875
3.0791431691463225
3.082037774310101
3.0801910742848495
3.085288185492177
3.0805595918496906
3.0863591736762137
3.085902564882054
3.080965580159356
3.076559845414542
3.0849807810015735
3.0772822066185253
3.0842209283251303
3.0990273932000223
3.089186980439419
3.085220793294763
3.0783146749724857
3.08835514169897
3.079538388274192
3.096177111268966
3.0864963623526327
3.081288041237361
3.094021858888892
3.076042798803499
3.0731452673229556
3.076781017449188
3.08071887682548
3.087648995486961
3.085304649180221
3.085119219054182
3.0934138963852305
3.090999825729081
3.0806735418532
3.0941742699442725
3.0757378564979674
3.0777228228476035
3.0737757578039955
3.073239363631862
