sigma=1.0 time=583.6059999465942 mc_step_length=0.5 num_mc_iterations=1000000
3.3353930551364637
3.3412963428558347
3.3157672581255953
3.2822906239886027
3.274963889269787
3.2749436927108158
3.279539648253451
3.243710035495066
3.287433615485738
3.274387506439429
3.2503794832592576
3.254712327017906
3.284643317410416
3.2268518720961445
3.2611982139965376
3.2470466015051502
3.2600133377338705
3.235759448788702
3.2380669140977294
3.247043755409196
3.2375784604977866
3.2048402676419268
3.231992945153678
3.249691535250762
3.225347327264054
3.2299064379013345
3.2394149362009914
3.2435145191051946
3.2357228094401935
3.2351273739094344
3.2319921636885316
3.2362340153084026
3.22716545437657
3.238219053617223
3.2551480373288193
3.239098883610875
3.227963469909369
3.2188378581647283
3.2354610024004415
3.258673477066015
3.220142566313487
3.233493186945473
3.2319180287520317
3.2187791119884768
3.2228223228359694
3.2436791292732416
3.213854563428965
3.227617034683471
3.243462081432017
3.219087185146748
3.2337377541016994
3.240462644673409
3.220679923149404
3.230013150833281
3.2283805665079615
3.235065300317685
3.234189798663038
3.2226820467603425
3.2254036768499192
3.2218276317241856
3.226589099279024
3.2424471569218705
3.2379406837621616
3.2239075929918983
3.223516892572298
3.215688132991306
3.225838570992932
3.219777203705277
3.2159197500062118
3.227263825113744
3.2029947980618623
3.2248543714200313
3.2072175868660144
3.210244159507414
3.2250290870018605
3.2078139400093786
3.2467909030768385
3.228407968762975
3.220338717301718
3.212265281339523
3.240320195544728
3.1914357112610587
3.2441212310079024
3.2153465662897367
3.205798635880037
3.229589136145952
3.206897012487323
3.2094026941631384
3.2140411043442403
3.201518437486398
3.212469384337914
3.204731556039139
3.2059850686105826
3.2047185763590864
3.2089171279981596
3.212211289611656
3.205543662364795
3.233505806757646
3.2277828160028164
3.2088159101044655
3.217789506158721
3.2127554619398437
3.2028837689660117
3.214086192451127
3.194385879593201
3.2055337038641247
3.2062829735149805
3.224106605148534
3.1971264446137773
3.213270309609054
3.206085726543499
3.2220296774816566
3.2129356473957453
3.1927446022134824
3.1942392599025617
3.2049008479977323
3.1795081563588874
3.201450668808145
3.1919598181839692
3.1893348515280042
3.1968109671243936
3.214906154780652
3.20009474272369
3.1843876714826163
3.1755443546537387
3.177919561774167
3.194821258325376
3.1982533277009484
3.191020495873677
3.200604131919136
3.201367079920103
3.1829270029651715
3.189674151924729
3.2008505916691736
3.2026230434507457
3.1869289533178504
3.189568538240031
3.2002895724568905
3.1955495946954766
3.2009788541829494
3.1711495283565654
3.179996402013319
3.203251660587911
3.1933069826056166
3.1796406345630444
3.1843624406873006
3.173271650257572
3.181534097015839
3.1706425042548645
3.195313503682281
3.194054865902519
3.1834894368206363
3.182228386641033
3.1717554246446364
3.177408475800698
3.166645175690986
3.1876922065925295
3.1850652448434187
3.1671979477181194
3.1815285182573705
3.1848491376188983
3.1755382424206955
3.183930798625576
3.18891011714161
3.15971617471977
3.1643157439030247
3.17878294290877
3.1742120473993856
3.1892905284675104
3.1748022562623692
3.1838241898894886
3.1847866184075952
3.173094439239819
3.1598266349543285
3.175129819267939
3.1795973709451593
3.173518100304969
3.185717754660239
3.1873881740128356
3.1472187807272594
3.1669464968479715
3.17615468210597
3.182397301436704
3.1764870855840353
3.1672629342663563
3.159545086037873
3.16418448968786
3.1810531645809186
3.158076427796007
3.1589246425168014
3.171136853585553
3.1620599417025597
3.1614724286618343
3.1616564802983134
3.1691955930745683
3.1500973122840352
3.1481938831244647
3.168394825102021
3.167654036563485
3.1723372784249704
3.1578785114608405
3.1827371191582086
3.1642787029792854
3.1611403028217877
3.161553160641717
3.166984384383655
3.1606640696176598
3.15457972869505
3.153010090157027
3.1538116002230066
3.1697221931318618
3.1608064981906145
3.1505184199321974
3.168036421299972
3.1569116963749275
3.1480864765667174
3.1452075119464804
3.1594970091436685
3.155382249560454
3.147268346544216
3.1576709532432172
3.1537999220688087
3.184895332411964
3.1682647167765094
3.16514990741457
3.1705279304535368
3.1553149483098966
3.16204975385093
3.154954959665531
3.160755097053775
3.1530192856101777
3.1477252777048763
3.1614130055526677
3.161934142099671
3.1701485252096235
3.1607567976838298
3.1641299934240648
3.150085329017664
3.159700028811396
3.1734896151476515
3.1488619777531053
3.1493053628287884
3.1594674356232844
3.139677713250316
3.161247121286163
3.170974146457273
3.1504281343156206
3.1527729040545576
3.1599841373066595
3.1568107436980357
3.1733466751190873
3.147531849061628
3.1510104169868716
3.155701510377331
3.13168662754808
3.1554733533048434
3.168168870307846
3.1574779740598875
3.1473512905630194
3.147560346499973
3.1524799066533893
3.1579114522269416
3.163386593699257
3.1488065769933304
3.146578697003303
3.1520364440366015
3.1405157899445335
3.167137329837013
3.1536308128432955
3.149265235420579
3.148573004923001
3.148851311702156
3.154900582602021
3.1423042544272675
3.1515038845919854
3.14763036109253
3.1724200998093974
3.135267779215248
3.151166745796897
3.155000359536116
3.155815708108414
3.1651403003685963
3.153493944256537
3.1395340811271555
3.1631640873914346
3.139183041561354
3.1389473232973244
3.149193359524594
3.1457328730963283
3.142097218005924
3.1567480719276677
3.147885095959207
3.149407770326775
3.1471129905733415
3.1405094260813455
3.1477917452455495
3.159792792929788
3.145615889962328
3.137181679442152
3.1358647294457334
