sigma=1.0 time=44.07200002670288 mc_step_length=0.5 num_mc_iterations=100000
3.3321419551038036
3.3706221001838914
3.3436528257106093
3.336449171012642
3.3414522159673106
3.2842954014277286
3.230445277296386
3.3382770428422877
3.353059140922211
3.300525251067923
3.3369282608142536
3.321577965619883
3.3437487496875233
3.3247431829893115
3.361344364443765
3.306783401681357
3.30653937414649
3.1683642466272426
3.3073906974753036
3.295585277545458
3.29452078629521
3.3334876503191757
3.2517260769690473
3.334783383765559
3.1956635601176298
3.239604305259341
3.2448957580231124
3.3091420554726345
3.2967796956930346
3.2671900625640617
3.2820620760505808
3.2269101914629825
3.307141501168545
3.2600617275693753
3.31208219021701
3.3493093336416035
3.225314979244377
3.190406551197884
3.2726375688429616
3.185696651079526
3.2842176640671825
3.2476207648524857
3.190862771388105
3.3022712164528074
3.2980086028606075
3.2523945218315897
3.2119965845730367
3.2622584721400596
3.2518121808886025
3.243706438335508
3.1965662880939503
3.2063254211740566
3.2229275893814284
3.249920455253323
3.271958284733126
3.2677240700929686
3.208242314661532
3.296674097762268
3.2185331733796816
3.274997682201772
3.2754666538215127
3.2818193497303096
3.191427551128346
3.2502315874556427
3.263605643410354
3.297185283932117
3.336936871385901
3.2784312484110587
3.2192690234440766
3.197008432535988
3.244681915390852
3.210815770663812
3.2682463584577808
3.2873555819401594
3.221792440692487
3.2465335597531366
3.25601988438866
3.2333023576323416
3.1394671222004336
3.1741097521983734
3.2406459897032507
3.212458199041527
3.2454028657678733
3.3853166765233533
3.275559590735652
3.1951439837170224
3.283249593357115
3.1785121879233973
3.240267922075406
3.2316841643035294
3.1732236398598075
3.1972045177626067
3.2596144459596577
3.1798730405974576
3.235394622326347
3.279152693981567
3.282640142958376
3.1993932327748116
3.2572180748151376
3.213366607947948
3.2651150212680604
3.2550489205616113
3.164359217845397
3.1624379504585107
3.2036806688912898
3.220045034412626
3.291579508249423
3.2676830073585132
3.236615474756992
3.1777805122023097
3.223387750946688
3.1598274075302917
3.2363359851591316
3.1968184858579067
3.2600930130888566
3.2970615011893174
3.1886666469373095
3.2732023613251275
3.2345582004574154
3.2703164175527086
3.2086980026757286
3.1825220163920136
3.2772386336645862
3.235991697591503
3.191024072999801
3.2575505461996803
3.2485554893493305
3.285786010976342
3.2223193961320433
3.255375471716654
3.198813505593167
3.2214581924032686
3.2948785496594133
3.171864653966217
3.182616473900831
3.1718260561970384
3.206078248273939
3.187710301363068
3.1963093154065376
3.202385866401901
3.1587521341045193
3.2103919069774256
3.1984505143708497
3.1830111052552432
3.266829368362105
3.228282592258174
3.267499900100736
3.255501981284637
3.2889820726056342
3.213390939891663
3.181567219432406
3.2352029424454947
3.227598140009048
3.251811709619598
3.2225197710846145
3.2387458100111064
3.246674184752633
3.2139390586048715
3.14942933266037
3.2025266411941447
3.21854157033909
3.2177819800072345
3.204922296154564
3.2009129447093834
3.1600995628568707
3.2535466783368356
3.1799339400459035
3.2742553127700993
3.241502349317113
3.2042854630269058
3.1953022646759255
3.1621912510877044
3.2013212048484228
3.1750883689032925
3.241972880393175
3.220468229963602
3.2529896495072825
3.1809789818090883
3.231452266583247
3.1890001096042986
3.2526924200865186
3.2153900982997095
3.2146401836118157
3.216383371709436
3.2275957373195108
3.1738981165972087
3.2392916506596814
3.231362169276355
3.159061782737795
3.269390470919771
3.203609378508379
3.156832850848214
3.216571483160052
3.1896639091253425
3.2250021758632115
3.2222217575820045
3.1517627388927276
3.1575422676269236
3.2351209929586977
3.229391795178168
