sigma=1.0 time=40.645999908447266 mc_step_length=0.5 num_mc_iterations=100000
3.334077731330194
3.314631401960546
3.3078086297954696
3.3989264350702086
3.273720651839356
3.2885710789025735
3.2562390672665757
3.371030138575823
3.3863871618190355
3.2853084247659825
3.2593952732457603
3.3066154185267567
3.373231403448804
3.3651903368657217
3.3383627318876465
3.3456416195518104
3.3647867671537712
3.281774033466567
3.3083047832753243
3.312852077061631
3.340533695892236
3.3046036844254814
3.3143175452723157
3.362292879859573
3.296893911703577
3.260166002213434
3.2836684138928263
3.3157371096577597
3.3373561009203225
3.2716593387427397
3.282492094894103
3.3254967044028025
3.2556403897944928
3.1916223968467357
3.339016808498394
3.3572648659852478
3.2510951193526787
3.2154755354092064
3.328206879683813
3.2570916116486304
3.2728389573253156
3.2884862127363714
3.242664661430422
3.2954869128557984
3.2981788936548893
3.2726358003988136
3.285451284515503
3.2435419372127603
3.266396908000061
3.2248428919189447
3.2490143795048128
3.2312968951781365
3.2612851318796605
3.2374361910499654
3.307011182552108
3.2845676172529186
3.302832836394395
3.3025179346386384
3.293498714556814
3.23935663755952
3.322378212467158
3.363760273697709
3.230215159793068
3.2523912366411714
3.3285442806730914
3.242031436743058
3.298522625978185
3.3197569678871757
3.2598676348272018
3.3049868132964337
3.2197542023919445
3.2556714876984194
3.210116303855284
3.259496683416737
3.278105982131709
3.2265190014892764
3.3395461189107993
3.215680484081745
3.2270639624823123
3.172483899778091
3.3115118916202215
3.2996639384732807
3.2490604401377765
3.3462062581127547
3.2545800456516556
3.2678809948055023
3.3614613725621805
3.191197124943953
3.29185764005267
3.2457730483024814
3.2194465573765783
3.2590525619019366
3.3400298731246405
3.2879686807842234
3.299009541332493
3.255057857954092
3.2706860320808655
3.2513183091981173
3.238091451061021
3.273226201721524
3.339302832476315
3.2688826201701118
3.242871106612145
3.2548498183872514
3.197523792651647
3.2472063052415012
3.3089273367090586
3.284334746214201
3.238593011372341
3.1508183596517574
3.2420001070119406
3.2022215892873542
3.236936068211475
3.217572962000507
3.275524481254448
3.3315635337376137
3.2752715611312078
3.249392705794709
3.2590233569129765
3.2822440928387806
3.261125113747407
3.230848799048617
3.265912636960351
3.2495467070270405
3.21785272074309
3.291139418437119
3.362280932011434
3.350540335336003
3.249907552768343
3.2878205922442927
3.2733292670201806
3.2483855675435307
3.2926792016353135
3.190667360034608
3.222805170179786
3.2218428870086773
3.189393133396093
3.188885331561751
3.1537368234934537
3.249685195970653
3.1797059040437468
3.1991732540677424
3.3059387493278827
3.2790818234530046
3.2550913469784817
3.2091021492967933
3.2902302119215445
3.2355529542793016
3.250096109014178
3.3166279782718946
3.2127223570816263
3.182245193521831
3.242372769685112
3.258739020862103
3.229159678850834
3.2574604976203294
3.269694559779527
3.280368929784799
3.2154080419809117
3.243757764588729
3.1975958754514875
3.176849798953429
3.2547347020579727
3.2735694996130285
3.2421558754432422
3.270007015789253
3.2472382458562143
3.2989708494378176
3.280074930880197
3.297068644500719
3.227898356406221
3.213750143184446
3.2168649652810464
3.2442255938403535
3.208918679241917
3.207563216702982
3.2967810994826405
3.172180190012445
3.222734304853199
3.2861351293771666
3.2884249723981815
3.270836490956212
3.271041069537242
3.1938906999964125
3.2548237673071685
3.2338690548988867
3.2584587766304494
3.221839679402918
3.1739136006085067
3.2835253558770585
3.2819090961385924
3.1691611175020937
3.2204568779818485
3.275233541554593
3.2568601700712074
3.257288296500844
3.244126669145121
3.21052130159909
3.232542745228095
3.2628490121482723
