sigma=0.5 time=46.652000188827515 num_mc_iterations=100000
3.2880226732517115
3.1852849191492836
3.1376781481728093
3.1020348189023292
3.081312055780407
3.065622357577306
3.0546903068343645
3.0481208147392103
3.0398304090557633
3.031772332403169
3.0294772391861247
3.024403205812797
3.0230078320869684
3.020774831253012
3.0197899644257435
3.01659661202512
3.015021855556773
3.014711920117061
3.01348835910085
3.0134404279360365
3.013254996194555
3.011800400836873
3.011645571551698
3.0088780877139043
3.010752975762466
3.010130323064978
3.009671477172584
3.0099233468815187
3.010084940463833
3.0107384603580876
3.008638435766346
3.009269382799984
3.009346378451364
3.0095097782062656
3.0093902435163344
3.0088852654627876
3.00972735336876
3.0086060795484277
3.009089384387375
3.0086059796817994
3.0090515200316617
3.0088458168862213
3.007879289639452
3.0087214792002426
3.00821481956379
3.0078079882266393
3.0082483085933367
3.008498951201238
3.006820846992369
3.007803861842797
3.007772677542379
3.007412058260702
3.008351283801604
3.008143822471963
3.0081805599642673
3.0086344780617864
3.008046801028401
3.0080343825355684
3.007564171966553
3.0082977555220602
3.0084455003530652
3.00802976253005
3.0082371414626508
3.0081143181517502
3.0082494765072645
3.007557879294219
3.008114885054235
3.0075078901912455
3.007908388431805
3.007929141689715
3.0077535360277863
3.0079898861610537
3.007976733789181
3.007433134817585
3.0075801978312318
3.007800438430119
3.0071573149492266
3.0069527227869224
3.00733417733513
3.0077383595867295
3.007952710261522
3.007862845304423
3.007990361594075
3.0071530744609114
3.00821276845741
3.0076460799894864
3.0076878271708996
3.0082468844509336
3.0073246592729017
3.0077117816164076
3.0082252120136865
3.007728040140343
3.008356398428461
3.007553926357805
3.0080510079425844
3.007780508139413
3.008111424369895
3.007802313443064
3.0076915779877207
3.0081396907667686
3.0074236879421368
3.0081902844734874
3.0082264521674142
3.00768262377074
3.00837588242964
3.0091070356416854
3.007462702010171
3.0074854127968402
3.0082828323628723
3.0080113688185817
3.008226032740634
3.007477488679162
3.00753414095007
3.0077833507329084
3.0080844143765835
3.0080099602990176
3.0081725852487824
3.0080123842216855
3.0081848806332663
3.007655350220427
3.0079894215938934
3.007749226036136
3.0081678141255583
3.0076692528208726
3.007938211296065
3.0079357571606904
3.0086590948908616
3.008613728786529
3.00817303432845
3.007320404198659
3.007420455808142
3.007758967334837
3.0080975222463073
3.0079038223103867
3.0078855860805604
3.007734546958423
3.0078576100938257
3.007649369505895
3.0082109583885894
3.00804491446926
3.0076151506807047
3.0081039732560755
3.008367517674488
3.008419040068006
3.0075244432861763
3.007730546362381
3.007640228404452
3.0079504482626196
3.007930217445552
3.0080538886988566
3.007479530862819
3.007541512811861
3.007435600125004
3.007544349609476
3.007906843691481
3.007783556061685
3.0081868625016708
3.00836608874511
3.007556819364009
3.0075847730678937
3.0079177155886434
3.008495250951201
3.007688848904621
3.0079505590925586
3.008066571892774
3.008015947418066
3.007468878123669
3.0080382199103974
3.0078646354354595
3.0081222591342702
3.0079659647598276
3.0081095958297452
3.009075774311923
3.0076185150993826
3.0082612666352646
3.0078428972389943
3.008292891135778
3.0079034100392223
3.0076310511278126
3.008549701520195
3.0079592562003525
3.007733697471954
3.008266748049714
3.008404963967296
3.00839418274799
3.0074335471309306
3.008356147892348
3.008420192028613
3.008209672751232
3.008337864808434
3.0080939060953424
3.008545327666969
3.0084100947564356
3.0084230607990756
3.008067783655093
3.0078331700590173
3.0080742252354464
3.007828120096059
3.008192596134604
3.0081622176780902
