sigma=0.5 time=28.050999879837036 num_mc_iterations=100000
1.0028085334290344
1.00266591659502
1.0026939907219536
1.0017342000460008
1.001639932826498
1.0014585070969593
1.0014318900801735
1.0010928966118946
1.0013956253660263
1.0009363391927006
1.0008185528330196
1.0008381903387493
1.000615611092077
1.0004175297870588
1.0005199936562026
1.00048970636787
1.0004487223932788
1.0003813718577215
1.0004504596162658
1.000240883827865
1.0002976914137485
1.0002710866603468
1.0000418072685777
1.000056086032458
1.0001503641293887
1.0001739098463158
1.0002905431890938
1.000199528909846
1.000148788369753
1.0000645951169047
1.000114440841944
1.0000717518215758
1.0000639670338562
0.9999353999214021
1.0000251248291614
1.0001614182323837
1.0000696857364029
0.9999940449421422
1.000035492824335
1.0000222205535032
0.9999378243798165
1.0000080205589659
1.0001605558923112
1.0001128573106757
1.0000244189395284
1.0001066695279532
1.0000082835614403
1.0001228768334585
1.0001162223144748
1.000057704787176
1.0000500476643195
0.9998887363365558
1.0000408930360682
1.0000248817376702
0.9999516389657307
1.0000843588073776
1.0001115285866968
0.9999995017246068
1.0000230655798055
1.0000403155005035
1.0001870146377048
1.000062683174136
1.000004952437572
0.9999900779367424
0.9999980799842993
0.9999914494804915
0.9999090473800876
0.9999770721912844
1.0000519674719148
1.0000053761244243
1.0000533633997184
1.0000459796903778
0.9999415655461197
0.9999920726866465
1.0000737619928226
1.0000697075607436
1.0000541337451365
0.9999980311499945
1.0001767411676168
0.9999730568123776
1.000098275348409
1.0000625226483353
0.9999495231485557
0.9999335476917377
0.9999406173422701
1.0000963874183737
0.9999817407651044
1.0000327745488682
1.000031083152564
1.000106425242929
1.000028804148669
1.0000391699499263
0.9999661453628749
1.0000860283633868
1.0000757839332985
1.0001599567440325
0.9999424345818403
0.9999529944864076
0.9999580308198521
1.000066927170689
0.9999990988088141
0.9999920312006452
1.0001648818925355
1.0000628353511802
0.9998541705325433
0.9999934520558259
1.0001688439612635
0.9999050907738116
1.0000241156456466
1.00005971134515
0.9999732081551987
0.9999763723816871
1.000034488092764
0.9999919859332352
1.0000745875485477
1.0000634918471423
1.0000084237013338
1.0000346889927811
1.0000525686336295
1.0000164663283566
1.000054083211335
1.0000543133520945
1.0000185494802563
1.0001351098550533
1.0000181480063919
1.0000121044016166
0.9999731690631395
1.000018078051622
1.0000098204846761
1.000037347513939
0.9999789313133901
1.0000460161666105
1.0001047491291954
1.0000798387025465
1.0000796673623213
1.000041754421746
1.0000337566107427
0.9999665850984027
1.0001160304854684
1.0000130718132532
1.0000760736372996
1.000076927972367
1.0001386808286068
1.0000494735703656
1.0000138208185685
1.000049155652632
1.0000653975726101
1.0000119808976087
1.0000071849204462
1.0000063791245097
0.99988453609887
1.0000575077449037
1.000015801341407
1.0000015031891054
1.000135353179764
1.000192188237986
0.9999394664961208
0.9999887473440331
1.0000421080657207
1.0000294115038535
0.9999774758743127
1.0000677403207974
0.9999797935721799
1.000084563580564
0.9999383814759778
0.9999010524698296
1.0001352456691732
1.000093120183701
1.00000564032599
1.0000685342456173
1.0000424073498528
1.0000753518797034
1.0000554245022448
1.0000987887384132
1.0000931962119997
0.999991399787757
1.0000227069728698
1.0000356929774912
1.0000138665693485
1.0000990046298213
1.0000145761840353
1.0000877511887074
1.0000853768927171
1.0000885960607755
1.0000549042235045
1.0001684603892442
1.0000822275959949
1.0000652770236114
1.0001052388056695
1.0000690603002365
1.000027058430011
1.000041631658309
0.999996446928545
1.0000577085964775
0.9999903768782912
1.0001878060056537
1.0000975601713469
1.0000026222089455
1.0000937338779587
1.0000858326962367
