sigma=0.5 time=3.0929999351501465 num_mc_iterations=20000
1.6598582926535381
1.614998121322126
1.5893489259664364
1.543447915501729
1.5156800173752158
1.489488348069773
1.4673126331757584
1.4515300589738902
1.4306705623381022
1.402914681419009
1.3980364753326648
1.385775833895699
1.3565169982359573
1.352492028217508
1.3276785935388167
1.3212312883305264
1.3038155750423508
1.3024007475132138
1.2868066190131222
1.2809816987434133
1.273303823329924
1.2622844213911706
1.2480026780724796
1.2456811189265906
1.2401758051942129
1.237271227750483
1.2220352718921392
1.2226248817455099
1.2170925035620446
1.2030179615048378
1.2052629350910335
1.1990061037983506
1.1909776659228992
1.180143982547651
1.181410304865312
1.1775091440316456
1.1670097939459716
1.1670598584949734
1.1633110313328552
1.1548234665839578
1.156431092342964
1.148313310370739
1.1460156884458192
1.1434071350325428
1.1401883022526533
1.1353806102521722
1.1350787758346252
1.130733426612323
1.1256368238187984
1.1258732467805956
1.1251353418067562
1.1157810342062704
1.110076924195941
1.117753061731152
1.1078785846924648
1.1071597588422057
1.1065506649122872
1.1004489030630744
1.0976394960803546
1.0991162806030461
1.0951651145218506
1.0961229113562037
1.0927571410005446
1.0874129106043149
1.0860160083306745
1.0860167088584785
1.0823974126637481
1.081246603248017
1.083647982001394
1.078428913437957
1.0763904217888591
1.0715393004856901
1.076911010639561
1.0656412721416015
1.0667879213538405
1.06496346947431
1.0669990050169385
1.0642309391094387
1.059852431072
1.0629676080818093
1.060410513549857
1.0567506603941352
1.0554963377776534
1.060407685233193
1.054551678542494
1.0545806612245379
1.055511229181433
1.0521144896427412
1.0496467751030432
1.0450374247321643
1.048136268833357
1.0459060344845463
1.0470806835928115
1.0456183689477305
1.0462073050804386
1.0449974513421414
1.04457593489431
1.0401119308940245
1.0406712883403861
1.0399469691067953
