sigma=0.5 time=47.021000146865845 num_mc_iterations=100000
3.2880226732517115
3.2732818069951577
3.2684173499405333
3.251722245208882
3.243725536208057
3.235967530744036
3.225771799642012
3.2236332619096904
3.2132250792244164
3.202189313123655
3.199370964908425
3.189504640244795
3.186360041649744
3.1811897948895695
3.175386247971264
3.169687257300977
3.163311090836088
3.1628970151030606
3.1555263054497864
3.1522345125233326
3.147430164108322
3.1410040762782065
3.139712587024866
3.132167035610549
3.131277896514544
3.1281760263231
3.1242729353913075
3.1202997300075372
3.1196427528386446
3.116597265687081
3.111872834535161
3.111884117100928
3.1080606099832364
3.1053521106624555
3.1031161855095326
3.0992785095728985
3.098076108624896
3.0982154450162787
3.0953944421823447
3.092198134371727
3.0902480670447563
3.0875600631415088
3.086831644839591
3.0843638411163403
3.0828771921075577
3.0780384875468023
3.080980839450841
3.0780018656397075
3.074670219360312
3.074281568917675
3.0726194011995034
3.0703132901935093
3.0707505812385345
3.0684043834261905
3.0667338260809314
3.0664955419552378
3.0658708784438486
3.0633927551426368
3.06411323012455
3.062348782950978
3.0616178409837174
3.0605915031515276
3.0593960913349227
3.0600333685661014
3.05699880498976
3.055515037931785
3.0551664075757343
3.0529743400272773
3.0525535217072024
3.0529799014935834
3.0515926414056693
3.0489177361247983
3.0491802537906145
3.046664892727393
3.0462757501283986
3.0473427233654733
3.044459692831251
3.0431716567009155
3.044710615930389
3.0443537811039048
3.0436936892266844
3.042510496235236
3.042547261745625
3.0401570672492944
3.041520984164661
3.0388967485796843
3.038041283085791
3.0396331482795977
3.035928318251854
3.0366151295084745
3.0384506796125814
3.0357585103901124
3.0360624072797098
3.0346600442894864
3.0344601126612583
3.034965905863297
3.034616327516662
3.03325401004854
3.0316466392818975
3.032594098611212
3.033365235614419
3.032154286636368
3.0316866426248756
3.030890547418366
3.0312771431739978
3.0319862783777425
3.0279482049279367
3.028269924245769
3.0298315468765225
3.028561172378367
3.029356946316392
3.0274204596164895
3.026379024306214
3.027868519650344
3.0281483878716857
3.026273366134773
3.026571336506757
3.0250232652662916
3.0264601014011583
3.02400821201386
3.024741791550535
3.0242930687373804
3.024417708962041
3.0232602360484475
3.024339521002178
3.0234697593589597
3.0241991245328683
3.0243945572416453
3.0223087505706787
3.0214069453539905
3.02161110062363
3.021002917785904
3.0219105189253628
3.021868997648478
3.020817782884769
3.0206233121502755
3.0195850576554775
3.020104819846918
3.0202783575145946
3.019662611502744
3.0188598886263565
3.0200665456398434
3.0210065191755286
3.02030321101293
3.0183910356435297
3.0184957821633303
3.0184156020303394
3.0191881773955096
3.018711326369518
3.017216847099531
3.017042845979277
3.017641573907311
3.0165966072207984
3.01676633425789
3.017093711467869
3.0174425652297194
3.0170819131427535
3.0176060000258147
3.016535378751789
3.0151508544916137
3.0163827243989756
3.0163410984950096
3.016151363634831
3.015270928139969
3.0160508012784684
3.016115879026894
3.0141157315850515
3.0162390567781943
3.0142092460926517
3.015680869957017
3.014780858573644
3.0148184400684706
3.0166586829270807
3.0140081932850973
3.015232264390694
3.0149994907327184
3.0153000596404245
3.013586073950899
3.0136285294469425
3.0153618354321936
3.0138141870142157
3.0129665965171135
3.0144648456066574
3.0143677591197258
3.0148460636601775
3.012498031973189
3.014168034040814
3.0140595851121996
3.0136277813241747
3.0144533514533074
3.012443922456508
3.012850434704556
3.0139248839054322
3.0130254503043306
3.012801657686264
3.0121748721897794
3.0130194563331574
3.0122908231474783
3.0130036647460883
3.0129584952095776
