sigma=0.5 time=31.63700008392334 num_mc_iterations=100000
1.419663221146856
1.3844683120448091
1.3678196714817656
1.3349649440006761
1.3205243252095755
1.2989207882199363
1.27911063628832
1.2690321059427594
1.2543093924548827
1.238489531362925
1.2321148198322005
1.2211055051956659
1.2099625339239692
1.2025666150767038
1.1958701410534909
1.1866055394807302
1.178614741336711
1.1711427399302512
1.1692255606201156
1.159189350279043
1.1573036430244024
1.1525817487212247
1.148731879632077
1.1438966277813658
1.1340530066000865
1.1320897594880268
1.1299697035719702
1.12315945042068
1.1234091295415214
1.1179359070159305
1.114085272428125
1.1115252605188966
1.1107749952664017
1.107718132855741
1.1060089905305006
1.09962443153045
1.1005071155788857
1.0961881761465577
1.0953903474687923
1.090131367596469
1.0896583875859824
1.0864805670306508
1.0849749818715557
1.0837937835060547
1.0826402545434923
1.0801357678211834
1.0773841284587002
1.0762291090874372
1.0751928896225935
1.0751316702149116
1.070612146701865
1.0714595609446937
1.0691706358736535
1.0682068976611678
1.0665256555082088
1.0639342529485905
1.0645143090535383
1.062675122857162
1.0594645158731115
1.0597186355569048
1.0576645223667214
1.0576601084918535
1.056278962082525
1.055454941106065
1.0546417680893798
1.052980764064093
1.0522949171054716
1.0506913632332968
1.049948085064901
1.0497004828770984
1.0479819561609536
1.0494190048590322
1.04619735372894
1.0469144758526034
1.0443170438266527
1.0435530195705502
1.0440253423431052
1.0420964731448998
1.0400739456358044
1.0417829633522335
1.0409932587450552
1.040309326018493
1.0402976454211772
1.0384423082752605
1.0370724256653037
1.0362987219485544
1.033829834902125
1.0361228829761449
1.034597562809722
1.0349150763143655
1.0341885125833326
1.0344758523705624
1.032987532513003
1.0312634174133726
1.031164645029566
1.0310686050837081
1.030003549020616
1.0290560437241887
1.0292174070780504
1.0289594850839083
1.0288073511362363
1.0268014514947486
1.0265152683234529
1.0266093909590903
1.0268270324956086
1.0278821767551838
1.0258103829175311
1.0245855369397405
1.0262534592733472
1.0247325688312356
1.0233546102665438
1.0235561160722406
1.0241707118736034
1.023809042786857
1.023060830124174
1.022216022328696
1.0213270597149944
1.02173669760218
1.021471893710171
1.0206893402426032
1.0221530396977732
1.0197238928107593
1.0223203184069505
1.0203100949943422
1.0201630410650042
1.0185374640471612
1.0185757308956458
1.0186116625222787
1.0189275452868831
1.0179108807245572
1.0187149511289724
1.0169765199383543
1.0194503702067914
1.019032888597567
1.0163950393493508
1.0165814981320558
1.0164060769658105
1.0179412324506092
1.0162602227616981
1.0155368331091605
1.0168870584670229
1.015795620898523
1.0182483439405199
1.0173380551617646
1.0157724322009896
1.015489108285106
1.015675218693725
1.0153031249284308
1.015832246465341
1.015624693586426
1.014838413862012
1.0150604948882802
1.014095982533356
1.0132728465817946
1.0142837306154582
1.0141436541267266
1.014588895606952
1.0135940676813224
1.0139175291309028
1.0155026862775662
1.0136972551608427
1.0130662240572224
1.0127774345343794
1.0136259737450646
1.012751612495474
1.0130143611728886
1.012325231505908
1.01236627614751
1.0127181848144038
1.012183918390839
1.0134394934156905
1.0113144917016947
1.0135046305396676
1.0125933561508864
1.0125218820589217
1.012795219610553
1.013520018397762
1.0114275711699405
1.012284150224649
1.0119854784383153
1.0112079546925823
1.0122382268737655
1.0121738797696664
1.011204568319717
1.0124141765229329
1.0111640719173012
1.012088999434967
1.0112022322937957
1.0114446669488129
1.0111820429011014
1.0113649747793039
1.011434315766345
1.0112292543905814
1.0102275593915189
1.0116800615939765
1.011239826018434
1.0112930040796588
1.012270891855866
1.010482642730106
1.0106346738423702
