sigma=0.5 time=27.881999969482422 num_mc_iterations=100000
1.1303756609480018
1.0126532905438324
1.002847012719106
1.0032461834505508
1.0030452755205503
1.0021299568749489
1.0025642386629856
1.0023689902244408
1.0024012122553383
1.0023441995640943
1.0016301822466627
1.002236322181947
1.001857927243842
1.0019742515429038
1.0017287855252093
1.0015416200242242
1.0016647648293264
1.0016226618356705
1.0018533560443579
1.0019768445132526
1.0015552371539655
1.0016043875028384
1.0015924828033658
1.0015776934380165
1.0015567471134024
1.0017763089179381
1.001712789638975
1.0014825887361098
1.0017253057545645
1.0016252310792255
1.001254574095829
1.0014430077910026
1.0015078087319615
1.0014997138308224
1.0016868446030367
1.001669810585598
1.0016868086808282
1.0015260750804902
1.0014396432822616
1.001371428531164
1.0015763837493699
1.0014682909509132
1.0012125731365589
1.0017724522783915
1.0014857328500348
1.0014580542848892
1.0013866093725579
1.0016174051504887
1.0013923248729175
1.001384360525287
1.0012268115242942
1.0012317405875302
1.0013357893327526
1.001486876482756
1.001556906678803
1.0014091967433383
1.001494427258406
1.0013066288779642
1.0012403793468836
1.0014895401513764
1.0014504321897968
1.0012895939321385
1.0012770378994542
1.0014297370642384
1.0014367882177335
1.0013664243068865
1.001097856802197
1.0011630089899697
1.0012237971898856
1.0013804714760122
1.0014399678803474
1.0014684012887034
1.0013071274135492
1.0012529636461074
1.001126360719513
1.0015674713854912
1.0013203729665339
1.0013711018420208
1.0013334543133892
1.0010736023085562
1.0011124096134796
1.0013578046920069
1.0014588573990995
1.0012755164019702
1.0011708375819146
1.0011725175639647
1.0013515572188885
1.001300376104205
1.0011670064474956
1.0012353673101577
1.0013332781645443
1.001335064170611
1.0011934200945272
1.0013287300472167
1.0014045275248702
1.0011872968837092
1.00127179620571
1.0014001418868197
1.001206639948426
1.0014471136768939
1.0013361463334327
1.0013641082008315
1.0009822083480957
1.0014014079225713
1.001227301301725
1.0014357317319906
1.0013411930182108
1.001367189540661
1.0012677901243714
1.001277868731606
1.0012888229713977
1.0013328899304725
1.0013739616927435
1.0012472219730355
1.0012523098858281
1.0010725010337376
1.0011504709562078
1.0013250731942893
1.0012807907470715
1.001231785121753
1.0013782216611442
1.001260444583168
1.001242186006706
1.0014059331451421
1.0012962216413146
1.0011041141189216
1.001310400524149
1.001276776389693
1.0013517750167247
1.0013223927091721
1.0012286204489407
1.0012494396354579
1.0012081177258092
1.0011546482110962
1.0011493790029062
1.0011684215491192
1.0011126650929907
1.001102631684323
1.0013140805208207
1.0011293423731602
1.001141302387756
1.0011051475482229
1.0012819185631605
1.001210886187751
1.0011745344072505
1.0012657200481885
1.00118904562557
1.0011544072845997
1.001320715578177
1.0010743693995825
1.0012063247035343
1.0012416351267786
1.0012775259948485
1.0012311072172813
1.0013014603944068
1.0010529959638697
1.0012635025761567
1.001304843466319
1.0010836155305758
1.0013424139793015
1.001249665509409
1.0012755601000018
1.0012448365173552
1.0013490396588165
1.001140068597154
1.0013129462149035
1.0012823821878163
1.0013000427835814
1.0013986388241696
1.0011257176284725
1.0012178848387636
1.0012566556711895
1.0009989373228751
1.001267316744157
1.0011994180391075
1.0010833254592613
1.0010073704059022
1.001178527873817
1.0010109200743416
1.0010760477957756
1.0012069279701012
1.0011898193145026
1.001376211218837
1.0013660505190571
1.0012053197135145
1.0011183062367381
1.0013868134336075
1.00116214848056
1.0011498325404165
1.0011050468324545
1.0010278570586397
1.0012135822034922
1.0010928707794295
1.001194857218015
1.0011017979286323
1.0011223398373785
1.0012291364979962
1.001073072230205
1.0012525749807855
1.0011535137283754
