sigma=0.5 time=2.559000015258789 num_mc_iterations=20000
1.1400412796841066
1.0336302894043963
1.0165806947283784
1.0134377369089176
1.0122700194693712
1.013012630386584
1.0128253850397195
1.0132701746112762
1.013183128197287
1.0131119822763925
1.0138173816559481
1.0135315283464343
1.0152985410697857
1.01272240182971
1.0135422687224374
1.0114796986657946
1.013880995576366
1.0149497811280768
1.012276685514786
1.0137388112081365
1.0124683783249995
1.0137816437445524
1.0140134484064354
1.0119857048707832
1.0111293793567389
1.011636141151898
1.0121515010550017
1.0123131143397548
1.0126994778832665
1.0117539133725537
1.0119521918539611
1.0109108055542035
1.012313121630598
1.0111652707016787
1.0111731642989248
1.0134813345462694
1.0119677400205052
1.0110763110526007
1.0116429254817594
1.0112935129990837
1.011494717492922
1.0114145982620968
1.0106752235251604
1.0111174254614048
1.012229540490163
1.0125634248587594
1.011735445716767
1.011977634741279
1.011557856727401
1.0100773986598257
1.0111375585320361
1.0104083594801587
1.0112582882978893
1.0119053984150412
1.010087150641875
1.011190821552261
1.0091353001441632
1.0097700287753637
1.0097775608098731
1.0103895217479455
1.0098955370053246
1.0110077177229748
1.0103140174035017
1.010722091182571
1.0094333154615698
1.0096557150526975
1.0094604954470152
1.00961067235104
1.0101954204230563
1.0102924183362665
1.009225108843601
1.0100547300355085
1.0099509527823258
1.0098330196120822
1.009857146924095
1.010373123934745
1.0097507400841839
1.009170632341766
1.0101938091108005
1.0097689223888056
1.0089652800942384
1.0095934922210312
1.0093966077672591
1.0090779909834926
1.009241183793431
1.0088456384635751
1.0078422052149218
1.0090977814956816
1.008302504331199
1.0078898998680166
1.0096356798817785
1.007468810701747
1.008890608596351
1.0083724375492475
1.0089286160965836
1.0089568002980518
1.0093648233396801
1.0086190947340492
1.0078268004710809
1.0087664328993733
