sigma=0.5 time=42.420000076293945 num_mc_iterations=100000
3.7240826842304138
3.5714974741337797
3.687735797707808
3.428743472996365
3.3101846934333468
3.044358518456692
3.0352296987124245
3.036561242725176
3.0371893811548607
3.0373718870664312
3.0368832522765095
3.034334997848978
3.0357052068305475
3.0350463257806743
3.0353836699095735
3.0356736984540063
3.0345189630184564
3.0339047911328456
3.033081100488526
3.033297426160013
3.0323567215841147
3.0328096612767736
3.032768811205747
3.030837577897688
3.0308914419544233
3.0310624637860113
3.0299629659787906
3.031574027524391
3.029908580485473
3.0296418700768077
3.0289368865655257
3.0277526977675593
3.028727907811172
3.028271342021779
3.027558343017069
3.027549027594162
3.026125643980631
3.02641559712993
3.025551765526761
3.0260297273925647
3.0247433677323707
3.025222828157901
3.02508310114294
3.02522328631613
3.024396615327611
3.0252048950815644
3.0237559760297925
3.0235487724620533
3.0228368755328345
3.0225386274842485
3.0235171079304166
3.0223078353987534
3.0220262219932255
3.0220143195451237
3.0220863243853393
3.0217268558741397
3.021467610586052
3.020523964754715
3.020392453941562
3.0208167677159707
3.0205000926863654
3.0193551947741097
3.019640978798754
3.019843747879609
3.0195085583076664
3.0198487406739103
3.019843273952751
3.0183875824878252
3.018388609063642
3.017707331192269
3.0175709879658545
3.018586640726406
3.0170239090451965
3.0180931119506944
3.0175742589761283
3.0164394418159985
3.017063685468336
3.017875466855548
3.0170317701058953
3.0165194688536867
3.016442205519078
3.0166210089265846
3.0157801107375017
3.015536898225101
3.015341772967591
3.0152620162917976
3.015251251118529
3.01607872739211
3.015317032229864
3.0155349235300037
3.0152662720109045
3.0148557180694944
3.0153184347488184
3.0148222798593594
3.0145673533745607
3.014100658803636
3.013649362908622
3.0138563928748754
3.0141287940658086
3.014337210869612
3.013631902641425
3.0140772266917715
3.012890784006505
3.013569569484166
3.0141535642405604
3.0128743493088437
3.0132116794875494
3.0129170250520096
3.0129283797409503
3.0120068983029418
3.012656583891853
3.0128390571422954
3.0124853704444603
3.0121272157090977
3.0120208630968066
3.0125386792734847
3.0117258039569808
3.0118037494869974
3.0128559210826222
3.0120630332129776
3.011157652724163
3.011749425978759
3.012001993286537
3.011898154727884
3.0109496642213336
3.010563778173533
3.011677264796639
3.0113401189645628
3.0110502460848463
3.0108988004237807
3.011142436133669
3.0108554705251596
3.010990043300669
3.011124448374034
3.010842869734716
3.010501728056306
3.0103913569486958
3.0099467553133223
3.0108210165783253
3.011064626129694
3.010315626753941
3.010109144630748
3.0102927181965247
3.01016458975598
3.0108017322037335
3.0103454127386944
3.0092831192623444
3.0103001295534546
3.009416788389454
3.0096958370441023
3.009269547158554
3.0090572323671476
3.009203198359051
3.009492642590225
3.009388563763618
3.0088711663851613
3.0094734148269358
3.0089816025627596
3.009046392810699
3.0087944329107916
3.00935458127899
3.0091741005802644
3.0089519470498063
3.0087233940173284
3.0088339983898886
3.0087547408464657
3.008652217726887
3.008926940378969
3.0084829975547023
3.008465517355486
3.008828193713361
3.0081226128184038
3.007759268820509
3.0084947339677117
3.0079684473601462
3.0078546824555277
3.0086683966628534
3.007890086067842
3.007887034367131
3.008449053827912
3.00821700288176
3.008114032095247
3.0075949534516906
3.00791801574536
3.0075990349096893
3.007286678971248
3.0071739761319973
3.0080385214238468
3.0077650038033057
3.0079497352104925
3.0072969640702496
3.0079555598101617
3.007644092243516
3.0076482824153965
3.0073978168491786
3.0074982356238897
3.007163028884562
3.0070230107312486
3.0073227243986898
3.007159606501781
