sigma=0.5 time=2.940000057220459 num_mc_iterations=20000
1.9874304072530296
1.9106617431644801
1.8304723797044489
1.7649091279770797
1.719966908548347
1.6810585946534766
1.6378331626988558
1.6056362370489952
1.5641522958174867
1.5394457624252393
1.5160058032375385
1.4817949326908788
1.4674616785460657
1.4403548835903364
1.445587663655671
1.411868529108195
1.3900087941888581
1.3839815484027247
1.365414850049945
1.3398999353700998
1.3363651561863223
1.3344525593362635
1.310386938312338
1.309543118393115
1.2915413377361258
1.2872361939816008
1.2903564046005604
1.280183458589954
1.2725420539327132
1.2646574682186773
1.2565589774128478
1.2437202489757644
1.2363628783914724
1.2370817415135442
1.2313490849283093
1.2260771814711322
1.2171608751598035
1.2201723844778942
1.2026941920461711
1.2009639628640687
1.1983999683709075
1.1945475002270405
1.1890362994381838
1.1876250929439387
1.1800601901528336
1.1786099032398092
1.1763189619804404
1.1700241703571423
1.169191916633876
1.1638714489117041
1.1623549174304744
1.1568363969261306
1.149635126862521
1.14946362465252
1.1508119420787157
1.1459963858459579
1.1474456840072949
1.1387457468839755
1.1427031373819125
1.1329186744809518
1.1281221880551122
1.1339947125261236
1.1271837668733655
1.1279164732121727
1.1335353655218356
1.1253355629988202
1.1215068013007305
1.1201238116630694
1.1184061886996306
1.1158159373858358
1.1138938543310462
1.1103456317005875
1.103722054748336
1.1055240219242863
1.1030101146079525
1.1034967342481925
1.0972916267680373
1.100113939829189
1.096527863463924
1.098525154018888
1.0989274047331776
1.0933935789889977
1.0901166455073352
1.0902573061337868
1.088067831521621
1.0943371089380658
1.0910985259498538
1.0810433111835773
1.0802051909391803
1.0785377645893826
1.0836371282316062
1.0837089202582302
1.0754970769604362
1.0707442524228379
1.074691671806874
1.0741381119472206
1.0718464525548201
1.0754025743011224
1.0742033195053464
1.0691859061957865
