sigma=0.5 time=53.388999938964844 num_mc_iterations=100000
3.668259401069046
3.6215437384323024
3.586860893175277
3.5378716772439325
3.50636703464544
3.485123972120247
3.4526986849744046
3.4343988116420885
3.4089357161713805
3.388501131999168
3.3735080583311334
3.356158940639893
3.3364728851469736
3.3199960715319956
3.3037795389631466
3.297525364164957
3.2826434757481495
3.2769440623380226
3.264958442674131
3.254250480522606
3.2498603372623465
3.2368276553209117
3.2321232938298055
3.228287030707303
3.2152640865367688
3.2093189187664404
3.202248871605229
3.193998967596212
3.190779445294924
3.1843090042706987
3.178733299884917
3.174813572411245
3.169860650715228
3.1633161366155402
3.161529677581487
3.1541058991186603
3.1522817604253985
3.1479096931178923
3.142144846853192
3.139773884266984
3.133143646270525
3.130751705737614
3.1299945400870497
3.1260555768063583
3.12612402425247
3.118728194264961
3.1199335451097197
3.1138123530633384
3.1121381755750632
3.114515466558577
3.1092768933599
3.1047043968030463
3.1047579604855797
3.1024132530383706
3.0993087202342733
3.0947793498473253
3.0941651202874807
3.0939275605982033
3.090045992362764
3.0882113926166896
3.0842292931228488
3.0845288935014
3.084665363458457
3.080993363481597
3.0811320018775126
3.0791621253914627
3.077956193581317
3.0756486299265253
3.073387444956871
3.0728338017985206
3.0721750046447465
3.0685323015240398
3.0672094411511046
3.0690471532541617
3.0673612388307765
3.066168153193789
3.063967263219632
3.061754492631794
3.0603891621665387
3.0621890277695307
3.0597773622959368
3.0569711274203275
3.0576322251189967
3.057476903950777
3.057451297542019
3.055896587599384
3.0531139254823314
3.0536341296781684
3.0512806967546275
3.0510995308374476
3.0518292617464944
3.0505765202152886
3.050162041417448
3.0493051282979025
3.049688287558042
3.048544289128336
3.045759920399623
3.0474630152436704
3.0448395769204386
3.045228710151663
3.0454232278037856
3.0448625473520607
3.044819266024882
3.044090789585358
3.0414979555300006
3.0427600492246327
3.040547776817362
3.040233975730486
3.0386776263219173
3.041053051660542
3.0414163432159707
3.039261740820486
3.0380559414217037
3.0395081524254586
3.0396976500196473
3.0383680521736536
3.0349225583966533
3.037523247332308
3.0361700586553986
3.0341633600787628
3.0368095433073266
3.037522192056603
3.037277802841786
3.035303753630604
3.035319541352135
3.036003586998885
3.0351663755907516
3.0339805711277616
3.0336938336904673
3.0334947979099387
3.033242841264912
3.0336997013381346
3.0347318825502305
3.034021905030638
3.0330859654023783
3.0326869306792847
3.032758160542229
3.0342208879772485
3.0316525986129568
3.033963573221971
3.031453394716209
3.0322558824426062
3.0316774510629467
3.0320327845797164
3.0320556237697045
3.031380848685612
3.0310391475537406
3.03055719565259
3.030568910916106
3.0309312596761853
3.029347955095885
3.0304898088646044
3.031240525827906
3.030204043448975
3.0291902764695404
3.0289675868667456
3.0303748792356475
3.029249823706789
3.029753397194382
3.029951206999038
3.0294706952447616
3.029787162333043
3.0295613082672586
3.029534462125923
3.0287750135711575
3.0276714574152948
3.028288605358028
3.028335255643839
3.0282356357344127
3.0289921250775786
3.0283693376826646
3.027783974017578
3.026799067332204
3.028787317374717
3.0279735912056602
3.0290010911808474
3.029714300943158
3.028555080121572
3.0287014229939473
3.0290058507048654
3.02779804991854
3.0276741599919474
3.029078393126193
3.0277277616951546
3.027991455968571
3.0280298621165618
3.027741891353045
3.028005780655792
3.028055566455063
3.0275643574801183
3.0260070609660152
3.028183155068019
3.0283824779269737
3.026644521143562
3.0272100447312598
3.028782548518388
3.0281335656737616
3.026252790749428
3.02761815372617
3.0274666758168154
