sigma=0.5 time=31.460000038146973 num_mc_iterations=100000
1.1603414606593851
1.0143805213902362
1.0112449650318645
1.0114279861716486
1.0115073099993717
1.0112393510731141
1.0111755945137022
1.0115902183809737
1.0113197194217076
1.011455266769438
1.011539118663026
1.0113428561312223
1.0105621827886682
1.0105678506739253
1.0110886267209573
1.0107652728771421
1.0104439299121053
1.0110028585893702
1.0102980970593818
1.0109515310336004
1.0100893242738036
1.009897981314117
1.0100042065961417
1.0100536303549428
1.0097288431327451
1.010061160312528
1.0104359255302686
1.0098820544756202
1.0101217452421678
1.0100295906723786
1.0100180011667148
1.0095099078330336
1.00940135594499
1.0103971198859942
1.0096027141721138
1.0096055075349581
1.0093207007209328
1.009913665710358
1.009119866752526
1.0090105932886488
1.0093049653695896
1.0092324705401883
1.0092274466908708
1.0091961477930262
1.0090264377103748
1.0091855137757517
1.0092384802357528
1.0092242376051668
1.0091569851818658
1.0090648547960872
1.0088552831241082
1.0085426020843358
1.008622468654052
1.0083549222691128
1.0088987240902696
1.0083125995794278
1.0083537273038508
1.0086053789753637
1.008466573311496
1.0081579504512188
1.0089595080714575
1.0080910725324037
1.0078997447117353
1.0081846121185956
1.0077835660979975
1.0082037150405296
1.0083045308388923
1.0082582642292839
1.0080627207851378
1.0078389276095798
1.0076748691283328
1.0078824154122696
1.0079693079286125
1.0073291201816181
1.0073464968765784
1.0079479186089888
1.0078085788928313
1.0079001487780361
1.0076528540115064
1.0077191952410864
1.0075562651211423
1.0072950495591202
1.0077188543031683
1.0081753782977796
1.0069519035890437
1.0076611422626185
1.0068987046363571
1.0074509210591427
1.0073970204864278
1.0068364359085074
1.0070204074617992
1.0071383824127753
1.0070095092899547
1.0068608800060945
1.006969509603872
1.0069627240183434
1.0066958140410522
1.0068493402079153
1.0071641915656226
1.0063650062905103
1.0071095068275857
1.0075123325387916
1.0071207797823507
1.0066842645716254
1.0068327440852216
1.006261321285112
1.006674955144427
1.0060352432143598
1.006621762361017
1.006705109367474
1.006857387472445
1.0061924603024555
1.006303038107525
1.00627876018662
1.0063160005791432
1.0063468242025222
1.0061483368850717
1.0062938616747499
1.0064064955767413
1.005897300092385
1.006070837194052
1.0061092548195572
1.0064542335991442
1.006445353307887
1.006638098625298
1.006570735060501
1.006352476409671
1.0064289856820483
1.0061979629398303
1.0058525970899113
1.0062309678978187
1.005930915923932
1.006075283211391
1.006163164517386
1.0058778328882905
1.0062722602724994
1.0056236709993351
1.0056610336409113
1.0058625274942097
1.0059002782814124
1.0061734407266607
1.0062200848449396
1.0056111541402462
1.0057550862673978
1.005821366207786
1.0057872103862522
1.0056733429346802
1.0055759079167095
1.0060541265237175
1.0054873213592976
1.005498540288589
1.0058483403492047
1.0058425257570258
1.005547221826385
1.0057628182705145
1.005701526955578
1.0055525586436347
1.00506493344771
1.005499383965635
1.0056167838858354
1.0056988483949407
1.005461036406205
1.0051663522426069
1.0052563574923705
1.005165304208907
1.0051183123481249
1.0050590808029898
1.0055763823926094
1.005180372366915
1.005315309346323
1.0053291278695327
1.0056161037508975
1.0054245215442366
1.005281772991719
1.005106750623563
1.0046235312897112
1.0052117157644371
1.0052791327020936
1.0046354256070138
1.0049488514962452
1.0048137533989503
1.0053127075072235
1.005032784091666
1.005067867735508
1.0049361315578809
1.0047426052541077
1.005019562859974
1.0048489829333176
1.0053916623115453
1.0050040363714499
1.004638760581136
1.005069784437448
1.0047430664238564
1.0045368502396208
1.004625304821955
1.0051515891963718
1.0047396273419402
1.004808516649455
1.0048802872882172
1.004678200166412
