sigma=0.5 time=52.52999997138977 num_mc_iterations=100000
3.668259401069046
3.308013596939071
3.20824867837279
3.1464402666091122
3.112842620040109
3.093232510108291
3.0735693750576503
3.0630930817190007
3.051692398592864
3.044970111436754
3.0419058150198692
3.0360146849871876
3.0337007094154522
3.031035456300756
3.029253252727689
3.0309339945598874
3.028192833861464
3.028580155537863
3.0298912767050057
3.0283822574259376
3.02838016533565
3.02712023029232
3.028367474847218
3.02782121906381
3.0258361114215817
3.0280412416450684
3.0257320553859177
3.0259194990564526
3.026243813545461
3.0261321386812954
3.025381056997101
3.026324466683867
3.025238957067129
3.0248384713586884
3.0263271267039915
3.026248732990883
3.0255246636962805
3.0249585526823473
3.0252051388732593
3.0250457793220353
3.024297449815204
3.0243508145727818
3.024316172446389
3.025348377728063
3.0247033965319647
3.0244100542985906
3.0249280294498577
3.0247280895075566
3.024552807870709
3.024984181345533
3.024931432368756
3.0236975854689114
3.024617122587627
3.024968775167589
3.024742528776627
3.024452502112886
3.024440732777696
3.025326975830001
3.0239784263427634
3.0238980611067703
3.023992040631933
3.02428928944308
3.024191523336301
3.024582435747309
3.0244833379892717
3.024326467960587
3.0247409927796034
3.023453858540024
3.0238187771862908
3.024214177925103
3.0241302633133484
3.023404236024164
3.023656897680555
3.0249561294680487
3.0243185972867663
3.024754104767745
3.0243374152742533
3.023923823166116
3.0235233973069584
3.024423269887488
3.0235740468095638
3.023894862113611
3.02409269196067
3.024255883930061
3.0239730336761586
3.0238836105014597
3.023814799411669
3.0243633029879233
3.023845636989039
3.023666379608043
3.024107275434759
3.023476915013271
3.023435141538643
3.023921071520352
3.024599653919204
3.024102921612427
3.0234363001411495
3.024895759058611
3.0242793363601868
3.024298040446148
3.0243160426567983
3.0244019433898752
3.0239895160776316
3.024796761443239
3.0239728584755725
3.0242745521570193
3.0238694949865677
3.023897068602152
3.023462490483443
3.024179234753734
3.0247737303815407
3.0240335987644213
3.0238126743643403
3.0236861247833353
3.024816467802444
3.023652674673475
3.022791134281112
3.0243445863824663
3.023474728705
3.022982423398959
3.0237146734145037
3.0244639897064753
3.0244173050974275
3.023975135271459
3.0238791735937043
3.0245145296912233
3.0245411331742975
3.024007778022164
3.0234712907675756
3.0233146323866373
3.0240735377580155
3.024004281178079
3.024959156778342
3.024392402541274
3.024280218968539
3.024060285160301
3.0243053617615105
3.024661200668781
3.024170758873944
3.025529960096146
3.0243735220662784
3.0241067377337463
3.024533923846074
3.0242068483568283
3.0247509905714427
3.024547800342508
3.0242343996564487
3.0239708915989114
3.0244966423895487
3.0243852619906533
3.023809321839042
3.02408935811252
3.02463045734466
3.023845142250021
3.0236039839568414
3.023469088826793
3.024457851139374
3.0235854057782148
3.024463539270018
3.0246704087833796
3.0240935721110267
3.0243873146987186
3.024064294017119
3.0249586950446914
3.02414017707677
3.0233727551235816
3.023616902318118
3.024107074494301
3.0235937073342574
3.0242208481781545
3.0244696396721755
3.0236937179889036
3.023402268714398
3.0248422971280284
3.0239623902000052
3.024301986513205
3.024740654108352
3.02437616743731
3.0246055111017394
3.0244689607028072
3.0237583851276715
3.023966133022931
3.024664661053679
3.023892080957427
3.023774922485209
3.0245989626343013
3.023697482247142
3.0242654071492545
3.0244612180655706
3.0241657879257104
3.0232947308872076
3.0245456801229986
3.0242124685131824
3.0233452037271986
3.0241761872136164
3.0247551445560594
3.0243953011049927
3.023319073633591
3.024098031336781
3.0240766777338837
