sigma=0.5 time=3.008000135421753 num_mc_iterations=20000
1.55269006030804
1.281754273644499
1.2017722383758924
1.1578727377569455
1.1162255070066471
1.0984858305868248
1.0805817057704468
1.0665454971545874
1.0588594400852125
1.048334904245857
1.0457849687375742
1.0362226142244744
1.0319040951749585
1.0303646313178219
1.0256695123357848
1.0238341858274438
1.0212334918593395
1.0193438874208272
1.01804981254471
1.0173365211101453
1.015969765136923
1.0193683501977595
1.015619901283762
1.014993781811666
1.0165435939238665
1.0169662678992228
1.0165803235005473
1.019386449336629
1.0157118684661353
1.016231518315056
1.0172665572039232
1.0152189359886596
1.0144921908430968
1.0165225258987667
1.0168024714697548
1.0176123440170632
1.0168803946840337
1.019085684248269
1.0152990966441244
1.0147384294307076
1.0170589866654542
1.0164609980616666
1.0150330341568783
1.0173777603805987
1.0157399439522263
1.0160864871201698
1.0152091019036737
1.0169348914109178
1.0170663533825657
1.016879470846573
1.017144426361573
1.0172518547820915
1.016074811030647
1.015718352757423
1.0165232668864732
1.0153385630833633
1.0172429936650258
1.0150316603827703
1.018116520915097
1.0174005213895727
1.01554025873038
1.0161531351821234
1.0154912200119084
1.017679070179881
1.016512837015639
1.0169779712176177
1.0175790054350502
1.0169892280675947
1.0176986589048453
1.0166106619344906
1.0165888340974887
1.0168566496096902
1.015591168959155
1.0178379407156661
1.0176201196952068
1.0161131085094275
1.0163367268464034
1.0163796395108706
1.0170631438110975
1.0156631521228663
1.0161637761750402
1.017344428530053
1.017998780829028
1.0162470215206512
1.0173654979479496
1.0151001573518517
1.0152738487133735
1.0172900999088912
1.015287397387304
1.0146017731734718
1.0153809842591563
1.0169986071117612
1.0180485679099076
1.0157839213180522
1.0157846050201538
1.0187128802246042
1.0160815220741617
1.01647890640736
1.0158787768607191
1.015189082998938
