sigma=0.5 time=3.059000015258789 num_mc_iterations=20000
1.0899716119500469
1.0537318248455823
1.030688010024083
1.0048876120728358
1.000414109860088
1.0004655350191183
1.000619177551363
1.00052048922787
1.0003642687253782
1.0003272421745735
1.000217863718511
0.9999527430878081
1.0004394180125862
0.9998914566845688
1.0001411254176364
1.0003524255032172
1.0003025772310257
1.000288351340971
0.9999381161135489
1.0003825591165785
1.0006738375031101
1.0003702116193225
1.0001984837567326
1.0005335796077655
1.000422821606562
1.000469050276855
1.0001539502358159
0.9999929456427922
1.000484805720669
1.000315188141789
1.0002980685431093
1.0003743716638194
1.000490052403985
1.0003823313189169
1.0001700398228945
1.0001273565725688
1.0002163867152385
1.0004480336280555
1.0001111749666467
1.0006497448822427
1.0001198553970874
1.0003387380531705
1.0001354263638902
1.0002261660805083
1.0003491874417552
1.000241667107918
1.0003108545177335
1.0003243322790074
1.000182989894378
1.0003575039831512
0.999998981871854
1.0004364169798687
1.0002469894420847
1.0001673460798604
1.0002064594526188
1.0001805172625322
1.0002415276274057
1.0002594431498661
1.0002837688740038
1.0002367926876388
1.0005496869050396
0.9998610740188059
1.0003695564300805
1.0002240127313524
1.0004381834841987
1.0003212569908484
1.0002657393186198
1.0002028437931907
1.0002287957993243
1.0002703076549786
1.0002683474464131
1.0001947669826525
1.0003377141736585
1.0001070826057514
1.0000576736671465
1.0003589503417512
1.0002265100016985
1.0003081545634995
1.0002762865379606
1.0003950177634546
1.0002175429107383
1.0003407995644404
1.0002230162067474
1.0001848363094625
1.0004226045363986
1.0004040010102404
1.0005083154186427
1.0001917363104973
1.0004064603987117
1.0002983085580694
1.0003088097180752
1.000126651965221
1.000301998380958
1.0000841393628253
1.0001475360873924
1.0002283431863364
1.0003332418627828
1.0001281713119652
1.0002168484464407
1.0001433099036865
