sigma=0.5 time=32.55199980735779 num_mc_iterations=100000
1.1603414606593851
1.1322448002226715
1.1142845899744298
1.097154526109432
1.0855329289808442
1.0731890033762999
1.0650115961848818
1.0575902464211195
1.050315656159009
1.0462278367360458
1.040408934063053
1.0354873996636018
1.0304789634996059
1.028374996531461
1.0262228180092443
1.0233399431618697
1.020324669612667
1.0200063489019757
1.0172273559959417
1.017276895568038
1.0147875619355886
1.0140783522472931
1.0136106750610108
1.0129679289492037
1.0121143298097355
1.0119581015611134
1.0121151777754087
1.0113256630947294
1.0116680966095455
1.011187714978639
1.0114212429994538
1.0105434379641371
1.0105249360702329
1.0116554806620788
1.0106969698722041
1.0109446739434196
1.0105670145681052
1.0113925377316508
1.0106822078425424
1.0105062575864123
1.0108973042014069
1.0109827529172328
1.0110386989252642
1.0110914178267583
1.0107829559805983
1.0110957774664433
1.0113266745424445
1.0112819515005427
1.0111890141968296
1.011403001314316
1.0110367746914284
1.0107279351254963
1.0109556877501051
1.0106174420928131
1.01148297191354
1.0106092593856402
1.010888532681909
1.0112095446095883
1.0111558386665234
1.010683922966783
1.0117458465372253
1.0107064099623506
1.0107017441155037
1.0111001176689032
1.010716418917115
1.0112795077605459
1.0112391615203085
1.0112125934052885
1.0113127799120072
1.0108861420826984
1.0108214693445814
1.0110253630425379
1.0111428660214299
1.0104844526301484
1.010647359064107
1.0112179466848807
1.0110661799661151
1.0112936930600884
1.0108244196511473
1.011253684557191
1.0109145944553972
1.0106043034676195
1.0111031854392363
1.0119372820958217
1.0104492537975598
1.0114136866188053
1.0103511296215093
1.0111481553284265
1.011176920692593
1.0102311532764636
1.0107232519784295
1.0109552739237542
1.0107569951581505
1.0104708458752956
1.010725726102825
1.0106406512013193
1.0105488423609483
1.0105675416105118
1.0111551312780411
1.0102209152752033
1.0111093035756917
1.011569175552134
1.0113325783121887
1.0105250709287437
1.0108364392989078
1.0101206834595349
1.010723099380027
1.0098219996285842
1.0106875438744127
1.0108706771470082
1.0110823328429814
1.010311743404956
1.0103849499870983
1.0105219288563794
1.0105438191644829
1.010532675622793
1.0103591967784196
1.0106046219742446
1.0107334333721727
1.0100188563687358
1.0103764910061777
1.0104857930009152
1.0108587385253098
1.0111638439486805
1.0111867149894298
1.0111630741040187
1.0108299451693272
1.0109502381499298
1.0109520111711439
1.0103263134485785
1.0108134736985572
1.0104082708194604
1.0105039913976768
1.0106549381802263
1.010398744187786
1.0108963704098624
1.0100460091657446
1.0101784049161466
1.0103727812689225
1.010663354562173
1.0108653137714059
1.0109517660002738
1.0103404488000423
1.0105471106476884
1.0105763575145683
1.0106877529640064
1.010350748627718
1.0103039129235778
1.0109834105194608
1.0102666041380388
1.010405762378966
1.0108607092418298
1.0105937762624146
1.0101289175626331
1.01067623290202
1.0107966651299773
1.0104570306069405
1.0098333040680847
1.0102897482228206
1.010614101192456
1.010846208762454
1.0103148449750041
1.0100433575785734
1.010361960984084
1.0100362138527639
1.010035414956611
1.0099256147732403
1.010756516687415
1.0101062631769884
1.0105772019922865
1.0103772094733883
1.0107298561035196
1.0106555661830983
1.0102725773227426
1.010136552266672
1.0097280798150132
1.0104727243017648
1.0105300220185833
1.009591097861917
1.0100183573712085
1.0097810730898735
1.0105029843851443
1.0102372463653881
1.0104652946946902
1.0100088041107484
1.0100609112408727
1.0102981510752942
1.0100387484297555
1.0107683052364396
1.0102743888732784
1.009940032642416
1.0104747615890308
1.0101929315013254
1.0095818864907156
1.009728978615433
1.0106874589460486
1.0099582342636395
1.0101579242884258
1.0103883393749322
1.010120825391379
