sigma=0.5 time=2.8470001220703125 num_mc_iterations=20000
1.1025074997297186
1.0133558397070805
1.003329032823751
0.9998464525054642
1.0010031692021677
1.001413168468935
1.0006329749141216
1.0006671308417197
1.0009331050629895
1.0007919236154146
1.0009672481470844
1.0008854328847006
1.000614715980012
1.0009058492773057
1.0008482865776416
1.0004993988091821
1.0009357642093644
1.0005246117701663
1.0007492692094664
1.0010534512009737
1.0004527660920446
1.0008451819486468
1.0007319589732082
1.0004672301932898
1.00106131561189
1.0004152167276794
1.0002694470425142
1.0009362408673665
1.0005953834493646
1.0009405647221064
1.0008210999633187
1.0008221009505394
1.0010508342739455
1.0006081443711923
1.0006604744352512
1.001078761603295
1.0003509224415548
1.0001529821406516
1.000563738698114
1.0006940835206728
1.0005764009082019
1.000845588743143
1.0009005754608198
1.0005162278012472
1.000687340322029
1.0005500827379192
1.0006157242386724
1.0009209059387474
1.0006509957074612
1.000428584283344
1.0005938638591694
1.0004348618863852
1.0009516184077025
1.000639425571145
1.00081201130666
1.0008000969686646
1.000435096139226
1.0005024359170966
1.0006662747183213
1.0005106632327125
1.0005420870611215
1.0008534180678545
1.0005433469961438
1.0006686391643578
1.0005353882958619
1.000447493299948
1.0005588068101186
1.000742790883704
1.0002457318307376
1.0003383300053228
1.0006077436287906
1.000525590656274
1.0004128723677008
1.0005761190627283
1.0004900233253722
1.0008601077281434
1.0005722872234237
1.0005463532705015
1.0005172454082785
1.000419509750918
1.0006044587992082
1.00034813788156
1.000736524685188
1.0007857077366966
1.0005515986842144
1.00067504301762
1.0005614585817648
1.000591995468271
1.0006425393376361
1.0007047193470484
1.000490534668698
1.0007065085934013
1.0005089538759908
1.0005248734259475
1.0005848272121416
1.0005579759193775
1.0004562264719394
1.0004222788819779
1.0005955227105114
1.0005113822219545
