sigma=0.5 time=38.11400008201599 num_mc_iterations=100000
1.0880092270737156
1.0620810200484365
1.0438632494469033
1.0316982803099706
1.023967564165657
1.0179526728020427
1.0131124563255007
1.0110864270044269
1.0076449840778363
1.006647696325879
1.0055034964594014
1.004355809019545
1.0042288687457819
1.0039092790721862
1.0029579519594682
1.0027013599052637
1.0023578170734384
1.0023903951751378
1.0018521539941765
1.00231112955541
1.0016409124292982
1.0018313055039483
1.0020805187883501
1.0023824515379136
1.0020090483747346
1.0022953370888876
1.0020622634969556
1.001834878442596
1.0019105800629944
1.0015755198181957
1.0021889668560677
1.0015170567128298
1.0015145262621257
1.0021291973415989
1.0024335943525593
1.0021114595153469
1.0017069015634186
1.001868125076879
1.0015153432408408
1.001834972950668
1.0015948260694845
1.0018526483333785
1.0017574851991442
1.0016797030165556
1.0020755956228904
1.0015380581379352
1.0013878322240786
1.002086169554165
1.0016014387903442
1.0011815584259385
1.0017527784824591
1.001287824233304
1.0018850058424857
1.0012097858025477
1.001283027530302
1.0014017219108058
1.0012808265623778
1.0018231563474367
1.001484430914512
1.0013261026254636
1.0017994962040373
1.0017082939691495
1.001674607286805
1.0014088886872492
1.001638822424941
1.0015767024898734
1.001777490719721
1.0020585167247744
1.0022465986830351
1.0017684179836015
1.0014844205872562
1.0015343188104144
1.001747231663393
1.0014108973665536
1.0014343923354978
1.0015692989708678
1.0011531292321
1.0017160445911208
1.0015751614983461
1.0018000101309688
1.0018174440136685
1.0015684765625141
1.0016525284901379
1.0017545900305833
1.0014902194220576
1.001657813370395
1.0014921730014203
1.00147233655675
1.0013323422064135
1.0012485384449563
1.001309968904979
1.0017483208887983
1.0015426826366187
1.001535001738322
1.0015501868627297
1.0012817696028433
1.0011347336220775
1.0012789769736807
1.0015392327347858
1.0011774420256447
1.0017072469177812
1.0017326027199083
1.0019230037481612
1.0016262939206166
1.0016397668040955
1.001309122362966
1.0016372489272076
1.0011075818065625
1.0015522524347267
1.001706733873076
1.0015353795117354
1.0015950724438307
1.0014786838720688
1.0012419298515485
1.0014401647903644
1.0011779158066965
1.0015950420077637
1.0012791787219677
1.0016432972838945
1.00109266706371
1.0014409298812037
1.0013017756180567
1.0013816966598468
1.0015045328408978
1.001828393205226
1.0017979730157678
1.0015199552742404
1.0016813945324183
1.0014840026433207
1.0014870561969065
1.0016284828300175
1.001401724397292
1.0016002041290932
1.0014538742199626
1.0016283592467572
1.0016625126778738
1.0013575265864962
1.0013073674114297
1.0015861022489563
1.0014471560021494
1.0016361275389256
1.0016558861832743
1.001025610685444
1.0013709670681628
1.0015129087045629
1.0014835701184375
1.001354598049298
1.001599441218379
1.0016822988149638
1.0012655881172667
1.001288522953304
1.0014233233487964
1.001486968639157
1.0014254510052154
1.0013989148736189
1.0013491687445832
1.0017113968237266
1.0012440703263987
1.0012586147342006
1.001495128185671
1.0014814591046952
1.0014931334306556
1.001362770331809
1.0011651702588928
1.001451135484396
1.0015349853409152
1.0013069030649118
1.00165226794267
1.001459092232902
1.001324129754211
1.0013359823178134
1.0015254663966744
1.0013902403298371
1.0014294630526799
1.0013355879127481
1.0011667282434336
1.001535285043673
1.0014273865728855
1.0011738410693571
1.0013277827763394
1.0012088154231604
1.0015900243232536
1.0013064849991333
1.0013519800250736
1.0012540688896914
1.001487467757194
1.0016082659006327
1.0013095157821985
1.0014323273803194
1.001669528750335
1.0012245951186858
1.0014055808720332
1.0015928361805615
1.0012976157679223
1.001411447869878
1.0013672126810877
1.0013682127641335
1.0015720251690712
1.0014028931900907
1.001596813449833
