sigma=0.5 time=41.15499997138977 num_mc_iterations=100000
3.7240826842304138
3.6812807038931834
3.6496058187374594
3.62293019396938
3.6005299955986927
3.569967915921664
3.550210547197565
3.524446731265058
3.497843991954554
3.490750242788953
3.459158823224492
3.4501544028508766
3.439573311956794
3.4186640992126653
3.412149074848962
3.3908539700033375
3.389119739327978
3.370105718854795
3.3596867965955153
3.3495409880444784
3.341468887685037
3.337780649636129
3.323327482416504
3.3168586841055436
3.307352250848579
3.3005560347288645
3.292440647761875
3.2860131326743045
3.276717633354299
3.2734195933142054
3.2669425085860473
3.2620142849635223
3.2542873109933947
3.250339153483855
3.243201850200819
3.2385602319638
3.2363475794216527
3.2264604396953342
3.226555480492157
3.2239677762770302
3.2164783149111944
3.211977916419574
3.207177853431471
3.205679225622678
3.20231181559111
3.1995122184339997
3.1926182424808314
3.1891187613121326
3.1851866721516613
3.1853702181178476
3.1810176876357477
3.1784712277929685
3.1778722212530996
3.172445680815115
3.1714230539065165
3.1682287558271582
3.1664344323275033
3.1645947483604666
3.1597903489993393
3.1562088591717146
3.1571769811953554
3.151795963713607
3.149108607479752
3.150071531046513
3.147196565628237
3.143488433275979
3.1445068559309246
3.1405259042045097
3.1379278412391245
3.1346043313976106
3.132786593340098
3.1354342425909176
3.13096338396896
3.1324772722293877
3.128852246974753
3.123426317938705
3.125623339258631
3.123784077596348
3.1204581166889143
3.1201455098159903
3.117479429500316
3.1167516186408073
3.1147733878303034
3.1141067280130663
3.1137975468582644
3.10956975863518
3.1114442935481685
3.108938479918809
3.107670222564729
3.1060821182867624
3.1063331644904126
3.103639050458924
3.101831166490602
3.100923157585456
3.1011166230020244
3.098344826540421
3.0973625957739164
3.096719162755808
3.095245782270939
3.093846687260211
3.0899068089082125
3.0916056830214393
3.0903526937604466
3.0903959703727795
3.08924178330972
3.0880255456074304
3.088340436990822
3.085490118984201
3.085753638743882
3.083689148131655
3.082836790914794
3.081980675290843
3.081959039260823
3.0798463438679637
3.0807424208871828
3.0788469665629163
3.078122668976264
3.077225029299705
3.0756366877091175
3.0765592974475036
3.0745661211290596
3.074155087800891
3.073395441458565
3.073581383262051
3.071711160592905
3.070287717096658
3.0717546191384195
3.0692603229577493
3.0681932318441296
3.067365704124038
3.0658309324347006
3.0675813718691165
3.065805243372125
3.06545640016158
3.063871499324447
3.063752025072448
3.0626320272809853
3.0620079446948716
3.0637328225147065
3.0629359193620926
3.0607252340554862
3.0596844382988055
3.0601742324940195
3.0580807413940376
3.0590333133388348
3.0580810437031434
3.0573926358051806
3.0570470672089542
3.055829420074316
3.0566987392630307
3.0534843418758135
3.053820119004027
3.0544290120417057
3.052033141430363
3.0531668599781243
3.052143084877566
3.052893601727289
3.051119495839052
3.0506575624228716
3.050837502009646
3.0506789861903765
3.0495845389396226
3.048978936390962
3.0500629271374726
3.0480890695662186
3.0481201810491982
3.0478939027060963
3.04729705780968
3.0455575985792156
3.0457156186036425
3.0473916880659813
3.0444765954690602
3.0449542340493387
3.044345247525391
3.042959515329416
3.042374616015976
3.043436877573769
3.0426322751545043
3.043733918446142
3.042435673339956
3.041756932319735
3.042087091784375
3.04049642283826
3.0420905038859223
3.0394631278973008
3.039943040310502
3.0393055481654225
3.0394381421763956
3.038494145168913
3.04066808807227
3.0385218780287975
3.040426029015018
3.0373983306005994
3.0377498837877486
3.037016700261275
3.037285086152751
3.0352974844765526
3.0361472545450843
3.0363706796788383
3.035834817319346
