sigma=0.5 time=36.478999853134155 num_mc_iterations=100000
1.0880092270737156
1.051140511363597
1.0439365733057084
1.01403613552127
1.0045417319603485
1.0023793657807583
1.0010851327566703
1.0013463352569032
1.0011098537362588
1.0013571548798166
1.0013829700477404
1.001357650264201
1.0013196538569227
1.0014358992809111
1.001297021410725
1.0014118998616466
1.0012742176637524
1.0013020019289796
1.001210614320969
1.0014076115523622
1.0011158801389692
1.0012980684576245
1.0013176708240632
1.0015562865599146
1.001449047975084
1.0013229235832823
1.001381813201045
1.0013794877449687
1.0014104549907905
1.0013073969858182
1.0014415293742285
1.0013921958629193
1.001299180214321
1.0014090407159197
1.00169572962175
1.0016168518985624
1.0014261588093356
1.0014795990666692
1.0013296415255122
1.0014209776999834
1.0014151130779052
1.001408488515367
1.0013891145482063
1.001455953540117
1.001655894823837
1.0013901760828605
1.001326912750162
1.0014515548374574
1.0013742065628954
1.0013000733585569
1.0015465652417308
1.0013012056301025
1.0014460082695746
1.0013775651734997
1.0012469317946613
1.0013748063465353
1.0013130827269765
1.001428228759085
1.001437478797624
1.0014226164876394
1.001479704398978
1.001539400785792
1.0014972696283506
1.001474544497286
1.0015234707321534
1.0014266053597518
1.0014777616454196
1.0015779813871775
1.00148655827107
1.0014125226064183
1.0014068523826285
1.001334572145433
1.0013828154292594
1.0013357512991627
1.0013424477675088
1.0014317372608148
1.001304933905423
1.0015129579283453
1.0014128713495611
1.001490026520818
1.001469212292629
1.0014202124010068
1.0014032568990419
1.00147958094451
1.0013904632995891
1.0014145178570264
1.001419884421299
1.0014170318436735
1.0012983569092724
1.0013227939404667
1.001388305141173
1.0014600747597935
1.0013933762244849
1.001449262592799
1.0014530588878168
1.001377650667868
1.0013311966424727
1.001219746230196
1.001332165378169
1.0013000429707246
1.0014587827402022
1.0014617826509562
1.0014893045935789
1.00142466202139
1.001452027399605
1.0014414920233057
1.0014533472443694
1.001280681510342
1.0014474438766172
1.0014297651408375
1.001349872837443
1.0014800627134122
1.00138369209041
1.001231503013573
1.001393856190348
1.0012866523073778
1.0014756200225197
1.001361438275842
1.0014332725465978
1.001265789461477
1.0013523804177735
1.001356173302515
1.0011761649696496
1.0013332156194708
1.0014150109187663
1.0014981722256093
1.001395438777087
1.0013742711571703
1.0013232714899534
1.0014459668461202
1.0014179281686169
1.0013453225761957
1.001431560206642
1.0013224827478868
1.0014879311309313
1.0015028936658237
1.0013448206647835
1.0012226334832595
1.00145549251912
1.0013596173381083
1.001404076995701
1.0014094101869737
1.0011399182611598
1.001287189751936
1.0014151343975344
1.0013586781836883
1.0013111099166614
1.0014151231597894
1.001386255491997
1.0012753464303987
1.0013235583534086
1.00132738394742
1.0012274410532485
1.0012995191202407
1.0012653671119156
1.0013083149323294
1.0014767121535177
1.0012937063888503
1.00132465970648
1.0012876962553043
1.0013309656869283
1.0014214989556731
1.0013200556873687
1.0012110259697613
1.0013517623170598
1.001404220354655
1.0012903091868819
1.0014023800556568
1.001336386806588
1.0012693381918212
1.0012876231247898
1.001300183926507
1.0013287469624772
1.001348561534669
1.001257838005288
1.0012681116568343
1.0013449437429847
1.0013042141163806
1.001224649412518
1.0012444083047207
1.001225096051779
1.0013976839423915
1.0013322036233205
1.001266130660821
1.0012686284069903
1.001375579585622
1.0014695762348784
1.0012792595044175
1.001309915204048
1.0014953044254997
1.0012030276466597
1.0012606171134322
1.0014852657404203
1.001298406368897
1.0012851602417665
1.0011968654602206
1.0013263624530664
1.0014228574961406
1.0012903238411732
1.001405681706523
