sigma=0.5 time=27.026999950408936 num_mc_iterations=100000
1.0893943484513506
1.0866872769553355
1.0853895664236222
1.0805682884799692
1.0797681401538413
1.079060201410544
1.0747438059568468
1.0740513294653842
1.073684170758796
1.070307704792692
1.0686345255351286
1.0680005049072636
1.062474165461216
1.062052526602641
1.0626555456432738
1.0628307486615083
1.0603360648929239
1.0610027232254307
1.0574012163299897
1.0554585696139676
1.0563329837688828
1.0520868285744918
1.0522494677410779
1.0514216706814488
1.0495255173360594
1.0489046528365642
1.0477611655056491
1.046082603997428
1.0456679416126284
1.0463190302401109
1.0450999462949264
1.042816884399918
1.0429794173503981
1.040157260586485
1.041094607944903
1.0407553232913433
1.040595125884973
1.0377305740546068
1.039211081922078
1.0379366902337082
1.0346766654597526
1.035945566094593
1.0356861557832637
1.033985297501848
1.0346051493500905
1.0338578169611028
1.0338371138499476
1.0324518378961884
1.0332456260388951
1.031430065283894
1.0305189919061601
1.030278893791086
1.0310440164296708
1.0298404406215247
1.029854561959291
1.0285685698674227
1.0278094642993323
1.0269133390342904
1.0282195680613944
1.0258961688080535
1.0258175073205114
1.026545067823986
1.024173470524081
1.0247098310484346
1.0245161912130811
1.0246241032388266
1.0245629520617914
1.0237298703971236
1.0243217825342266
1.0234989344288081
1.02327247255751
1.0219539116218939
1.0212162347542029
1.0204625320671272
1.0222256232838156
1.0215539701823548
1.0205784690759232
1.0201923797078916
1.019119052104692
1.0185835798882517
1.019237551188125
1.0196119160551127
1.0191175446853997
1.0183010251430766
1.0187623798537493
1.018701928131342
1.0181207658497144
1.0183070368603973
1.0176182513513796
1.0177290954919922
1.0180962028002303
1.0174103510095869
1.016914013430019
1.0163260803416863
1.0158043996817288
1.0154981629858082
1.0145033890804696
1.0157795894011323
1.0150835997676932
1.0144550417282583
1.0149337585786598
1.0152308439959656
1.01513113308644
1.0139899857322145
1.0143193244118023
1.0141463535560336
1.0136368093994788
1.0131316560303925
1.0136199633089635
1.0138640396519205
1.0126816149971516
1.0131331978327602
1.0132346139558632
1.0129652309016959
1.0123144515956184
1.0129714451916034
1.0124646866512679
1.012359516057697
1.0119353053052016
1.011814731798756
1.0113052649387981
1.0110036640934823
1.011056466576646
1.0109819140467657
1.0117338050030549
1.0105699521649107
1.0106822396796684
1.010808484836531
1.0108238593920287
1.0112023195565116
1.0103773950027832
1.0109461904004948
1.0109138019453112
1.0103693786524648
1.010812940397261
1.0097913564408567
1.0101616338331776
1.0099293976646135
1.01058345874924
1.0090001459104578
1.0099566013968992
1.0090523107630494
1.0093633923221845
1.0091690721339057
1.008991619189048
1.0086248895743861
1.0097563993458658
1.0086479262489327
1.0089516751280583
1.008827247068044
1.0084400376775557
1.009054503312204
1.0091194516146722
1.0083697991312544
1.0080368020044468
1.0075577461115244
1.0075853503218313
1.0081515881810468
1.0075427088127047
1.0079713447752188
1.0081859648505582
1.0078037624815201
1.0074056342502187
1.0078561514392363
1.0070746622419986
1.0071506492668376
1.0071685841047646
1.0075813047777502
1.0066403656592737
1.006934265171105
1.0076342184402272
1.0067749994400181
1.007124230803092
1.0071139417848556
1.0069568793774708
1.0064196071547293
1.0065859781751774
1.0066352768067317
1.006674463561415
1.0067603365867785
1.006728672763801
1.0061304995612563
1.006783593154749
1.006185823565745
1.006751348508706
1.0061072693335391
1.005954689928993
1.0062000158532622
1.0055063961965705
1.0057617533601162
1.0057627979384505
1.0058945226221183
1.0052902820358152
1.0051328233931318
1.0062361900010586
1.0056565314562338
1.0053117702247951
1.0052580197360008
1.0053269954781792
1.0053866825406166
