sigma=0.5 time=3.1710000038146973 num_mc_iterations=20000
1.17311148437744
1.1441106350742194
1.1241039281549021
1.1089478227178098
1.0960059441875798
1.0859971317863197
1.0750206325228355
1.064472492396173
1.0590853873203385
1.0530499295229363
1.0469434210870454
1.0412644037331067
1.0374631331970412
1.0343932060586836
1.028751226009193
1.0299055311974405
1.021209120414535
1.0264272261959582
1.0210951259773224
1.0197241347819421
1.0193311200552697
1.0164585786078242
1.0159622765241012
1.0156799242687886
1.0155562794984951
1.0136074246180276
1.0146595077252476
1.0149844678664763
1.013481784187327
1.014879072468987
1.013602888916462
1.0147457426108193
1.0137297798238234
1.0135250144215056
1.0134362632409417
1.0128004083700222
1.0120418668379219
1.0136767508651403
1.0145423545587295
1.0118652609951353
1.0140721299699118
1.0135496786992955
1.0128876961930442
1.0132324874719658
1.0133693995245163
1.0136620792503206
1.0125002756019714
1.0128587413765247
1.0126977656961007
1.0123389773712668
1.0118860087426356
1.0127101056650802
1.0135489901927155
1.010770515419541
1.0123438559957496
1.0131732541828604
1.0130183163746833
1.013578913682054
1.0133707179627631
1.0149729716810076
1.012842127170598
1.0136322270690867
1.0135052511425888
1.014154557407415
1.0128075870367896
1.0128905383049136
1.0142472052018943
1.0153424713028976
1.0116718907096351
1.0142138689071456
1.013526084276703
1.0128242518807535
1.014670852181498
1.0140458502123029
1.0136940237281296
1.0124367529668437
1.0131453996744613
1.0131245715332882
1.0138855232137416
1.0144736924469615
1.0147323083279205
1.0144866338506828
1.0135597549476338
1.0134356548755796
1.0152635259180167
1.0143923501102843
1.013390159007599
1.0121693650290273
1.013663783799013
1.0126482294272814
1.0140947030693443
1.01315531545839
1.0131759039444634
1.014045825205356
1.0153618779190268
1.0140384694055122
1.0125133464487528
1.0132178802569738
1.014275559471655
1.0139750045457288
