sigma=0.5 time=47.17400002479553 num_mc_iterations=100000
3.2880226732517115
3.1703716870510084
3.101843441630118
3.020388417451402
3.008733410601512
3.0085820333876665
3.008278232864167
3.0088792373851843
3.008291637988315
3.0087982059511593
3.0089034842016646
3.008834344613556
3.009018289304917
3.0089343087893456
3.0101257237463006
3.0092264150600627
3.0090250169125023
3.009347283615268
3.009442306721075
3.0096384202088973
3.009468835492215
3.0096970205139497
3.0094802021081493
3.008496831134369
3.0097726671127654
3.0095836641919043
3.009479970815312
3.0096143755395426
3.0098197725499034
3.010083997974125
3.0093747886284725
3.0092772120977838
3.009464460862189
3.0097680361295533
3.009805823917217
3.009680585263693
3.009913207915301
3.0092206131227517
3.009838861651104
3.0094077199692024
3.009587166642503
3.009415807097705
3.0090547636539196
3.0097419421660843
3.009132821963333
3.0092237394483403
3.0094503833459108
3.0095371997009583
3.0088969891300317
3.0088085975265906
3.009117430656895
3.0088078941227727
3.00912710381157
3.009566886281018
3.009325030946728
3.0094211309090957
3.0089801367661617
3.0090192275082672
3.008855733171638
3.0093896284609354
3.009414223412748
3.0090757842017375
3.0092269093252675
3.0086484325156535
3.0092044375216176
3.0089487214823927
3.0090937056693114
3.00866682754368
3.0092187618649757
3.008967988809132
3.008636601150137
3.0091541638194954
3.009221835075448
3.0085236027979647
3.008617069590723
3.008791438126696
3.0082519925678
3.0083261743846648
3.008577199666016
3.0086852755165037
3.0088374115863994
3.008680760408468
3.0088144631488327
3.0083741223765395
3.0087041038636144
3.0085331859950712
3.008574273630107
3.0088428079657947
3.008332047985287
3.0084872964473495
3.008547334148656
3.008439718541089
3.008701601982362
3.008353305297445
3.0085824707322506
3.0084136727826962
3.008594870116978
3.0084893297234374
3.00829323249733
3.0085699811122244
3.00786596050455
3.0085599099214297
3.008683748105292
3.0079710012439356
3.0084764593754723
3.009068288415295
3.0078536238029643
3.007920921396349
3.0081096803772116
3.008237303115196
3.008227642759685
3.0077438050192646
3.00783294128509
3.0077463468217163
3.00790502675251
3.008250643368889
3.0084747816561093
3.0081783984184387
3.0083075286949286
3.0079218355095025
3.0081274095741346
3.0076414346080136
3.007885016601578
3.007674049549469
3.007848520668005
3.007602626629908
3.0083003669671218
3.008161675884545
3.0082258208498662
3.0072674620162916
3.0074718475785747
3.00769777442813
3.0077678061481934
3.007670162817816
3.007546805036576
3.0074662543523805
3.0075531666606548
3.0073112942517914
3.0077678794668374
3.0074775654563655
3.0073661466322257
3.0077128924679135
3.0077224903734
3.007927807432438
3.007090571022224
3.007335748291912
3.0072976831799942
3.0073795909308587
3.007359856251713
3.0076076177093602
3.007129048441961
3.007052765515222
3.0070434314786656
3.0071096098186767
3.007208079638681
3.007099824504358
3.0074641445675683
3.007436154421032
3.0069281556512997
3.007032714477556
3.0070106589511054
3.0076467252120174
3.0070005140803584
3.0071349720413116
3.0074500854515187
3.0072382366301125
3.006869247831036
3.0068921784266385
3.0070460308741493
3.007008499824844
3.007122768077238
3.0069417570388657
3.0076164265166043
3.006717873873435
3.0071227521761665
3.006852933643545
3.007182058829045
3.0068545331213117
3.006516657677411
3.0071540419591223
3.006854991330363
3.0065865805722707
3.0069527637756415
3.007126665122329
3.0068467707806508
3.006410688024378
3.00702568760198
3.007061416761757
3.0068774752611844
3.0067768344030954
3.00690891255373
3.0069720604159658
3.0067325939194616
3.0069932420282974
3.006685653355441
3.0063484136313425
3.0065005034806687
3.0064950158219053
3.0065781686651163
3.0066779595948123
