sigma=0.5 time=3.0490000247955322 num_mc_iterations=20000
1.16686094169064
1.1139693137384938
1.0828342719505886
1.0613805210253069
1.0497117517591532
1.0388369803171278
1.0296638207541877
1.0235787253848705
1.0191170709067692
1.01536227331542
1.0124177699965378
1.0099210134071637
1.009494444821478
1.0089842083255118
1.0072679277307532
1.0076942164447529
1.0068543175250566
1.0073483549586437
1.0070007162958858
1.0065757601294527
1.0071729403011138
1.0070241107577356
1.0072165402334186
1.00775094611454
1.0068748496324214
1.0061779360034857
1.0050731085684554
1.006948094677606
1.007779788606923
1.0055509689699962
1.007020529872388
1.007088040070702
1.00724012418313
1.0065128127780638
1.0069449497924912
1.0070733196545032
1.0078111926980782
1.0078988606006527
1.0062239794802295
1.0068435601249257
1.0068721059669603
1.0068983694777456
1.0066475757667375
1.0075401341221777
1.0067664365236593
1.0065614680817647
1.0076574426459053
1.0083990423071096
1.0057971405615282
1.0054117709127073
1.0082811173487527
1.0065793242260006
1.0071240872815945
1.0058579825815641
1.006902182597776
1.007249794556793
1.0064803966721412
1.0076708858268828
1.0071524098135878
1.005916182475667
1.0070020868942569
1.0063170721829744
1.006838259734984
1.0064878437402256
1.0065873143732764
1.0075346350294772
1.0063757848393613
1.0064910523657224
1.006346369387483
1.0054395292384652
1.0052889635567663
1.0065837854853537
1.0065394971107204
1.0063338709062004
1.0058567650662027
1.0058499082761412
1.0067774499736997
1.0074266866102124
1.0062157115187895
1.0064875759505838
1.0066813853798942
1.005738921525549
1.0063470891434105
1.0061536653376173
1.0054040057382387
1.005372316449982
1.0063911399039267
1.0063098913386102
1.0052260391640078
1.0054513388743649
1.0063867240221465
1.0063017121575566
1.0061066281459776
1.0075887289200354
1.0062257356521414
1.006757737786954
1.0067014785444581
1.0063922973583725
1.005742173874556
1.0064051083276397
