sigma=0.5 time=2.558000087738037 num_mc_iterations=20000
1.2576167252827788
1.260140671208601
1.249646888768683
1.251364270320786
1.2399618924514813
1.2326360718457656
1.241232382276963
1.234467288610736
1.2299909749437505
1.2213283602079807
1.21891910365736
1.2226926077776843
1.2108302680777676
1.207669316402048
1.2148154480178648
1.205959356634239
1.199487150858273
1.1960721599327415
1.1917214360818755
1.1913469672239136
1.1884868315341424
1.1838324525564377
1.183989380946821
1.1803650257554272
1.1726422164118604
1.1710923644877897
1.1685845657206213
1.164617800999628
1.1671675475395427
1.170510349567501
1.161770945207911
1.1611352658354939
1.1593594503100162
1.1602538711399497
1.1511476233651143
1.1554231555842336
1.1528024871245228
1.149604621684938
1.1407563450124316
1.1450482311043895
1.143833987085911
1.1430052392560834
1.1405915570670242
1.1400621514712226
1.1424519498874248
1.1323073803406583
1.1318337843585526
1.133883723285691
1.1337561556011968
1.1259001827245332
1.1295286857135016
1.1310212857820698
1.1244451766560783
1.1211550087294884
1.1225117282586552
1.1223482079518743
1.1172233841295305
1.1156045919978173
1.1212151076663452
1.1168107049029856
1.11794688184037
1.109672641531071
1.1100703324893515
1.112266107601022
1.1132175054677051
1.1088018903452845
1.110256213478459
1.1104664392866286
1.107276046508726
1.1070175968969291
1.1096191970090596
1.1008062988825527
1.0978706559085256
1.1032529886004165
1.0964305571056647
1.098933046831189
1.097542156756736
1.095795179603561
1.099308394877854
1.0934592772516305
1.0952876415711572
1.0918428024650646
1.0905024483758454
1.093578482051937
1.0920870256513673
1.0904343845839897
1.087770572618863
1.0888754045358469
1.0904522345003846
1.0880709745648536
1.0889235798170493
1.0847541939817593
1.0818684999589347
1.085602332965725
1.08312384968508
1.080983897735874
1.0785618396076018
1.0808592244517132
1.0797480240126434
1.0785364839088403
