sigma=0.5 time=40.43400001525879 num_mc_iterations=100000
3.7240826842304138
3.4263898981631513
3.3045831660318705
3.2383911432311914
3.1977369080301115
3.163026716430826
3.1412324975765356
3.121760445522598
3.1049530339957174
3.0975179985896393
3.0820645004623923
3.0749157356587276
3.0687687090836606
3.0601741079352047
3.0566566615937796
3.049668487026697
3.046791538827168
3.0411314795967037
3.0381025813569935
3.0356096587617682
3.0331672922800186
3.032480046303871
3.029466655666006
3.0274734757718895
3.0263211436871558
3.025472131716081
3.024163243350989
3.0250924078309644
3.0229444156605854
3.022790604041819
3.0225031299564917
3.0211631538119788
3.021755310545852
3.021929057886529
3.021216373306769
3.0213940489054574
3.020519885019812
3.020583322296589
3.0205293933320068
3.021210950546714
3.01996215260655
3.0210090100723055
3.021096499083167
3.021434449278609
3.0206745315633454
3.021780375732651
3.020792307374856
3.0208863890188864
3.020277240909685
3.0202689411439074
3.0215782585424713
3.0206822930329458
3.020793572909133
3.020831707562591
3.0213619798384124
3.021218084992573
3.021131904594212
3.020298921768846
3.020476456585109
3.0212628794078578
3.021134667955341
3.019996224912936
3.020554766229419
3.021191168257962
3.0208005077739966
3.0214877274372958
3.0218905057218377
3.020222706432709
3.0205466174035966
3.0199294836389226
3.019952051132599
3.0212390554463595
3.0197761260121996
3.0211798415678786
3.020503871674356
3.0197280987036796
3.020311466981855
3.0215401446573513
3.0207743146495156
3.02046533498077
3.0203127212238394
3.0211237867922582
3.0202859793207084
3.020020058755802
3.0200920646642126
3.0198298419112555
3.0203339603717283
3.021387354747559
3.0204023313079706
3.0207274105982824
3.020639775876224
3.020236847402964
3.0210965014321167
3.020675600961896
3.020196623623929
3.0199072951283763
3.0196893964032365
3.019953043470944
3.0205578250591474
3.020737904489261
3.0203075884076878
3.02079881773696
3.0196462634918997
3.020716068655938
3.0212014899198554
3.020024529885396
3.020234442090625
3.0199162364927785
3.020241480627294
3.019143070496857
3.020381242960974
3.020163171248888
3.020222546572407
3.019540017959421
3.0200552505137255
3.020264682548732
3.0197307910569133
3.0198219739249255
3.021165786199646
3.0203462827958387
3.019197306322458
3.0199819188474644
3.020845298175834
3.0208499409187186
3.0194327598333315
3.0192250915525554
3.0207781720643574
3.019863039100758
3.019872493129082
3.019375612786029
3.019811772120408
3.0201257970691113
3.020133329517553
3.020390100704055
3.0201532046402706
3.0196722536169807
3.01993415498275
3.0193058428578756
3.0208653268161383
3.021010404678051
3.0197347924978213
3.0193519384119347
3.0197686054880166
3.0199308802637757
3.021139490213528
3.0201485703856528
3.01889326032578
3.020069066879091
3.0191264667705116
3.0200041601514553
3.0189717744367157
3.018938276071579
3.019561671257377
3.019381376223574
3.019749601028444
3.0190392726147652
3.019871673659656
3.0190499135437783
3.019341229835055
3.0194413336739236
3.019964217108634
3.0197440412128365
3.0195497807686684
3.0191634679854413
3.019398790279023
3.019707869177023
3.019732677941418
3.0198714189257174
3.019191301980033
3.018984705275781
3.0203805918294893
3.018646369584223
3.018470636262479
3.0195018875443265
3.018948790634091
3.0183928068749393
3.019983781861533
3.0189161138090235
3.018912589557181
3.0195028287951904
3.0192379524184836
3.019430619487539
3.0184994894226924
3.019179102307611
3.018387307440267
3.018105019423903
3.018251704977837
3.019553702885033
3.0187566448859684
3.0196904354331098
3.018264462092956
3.0197599967467093
3.0185260882649745
3.0191206143129405
3.0184388368118222
3.018824308776174
3.0181336799701577
3.0188718615480776
3.0188986200090535
3.018573254282957
