sigma=0.5 time=30.486000061035156 num_mc_iterations=100000
1.0580648518067375
1.0588232769481862
1.056543861599109
1.0568923893355033
1.0518046048493772
1.054492126122652
1.0517306095908259
1.0513573997098071
1.0499486844827002
1.0495731268137787
1.0476332800522843
1.047352831205595
1.0462215007990205
1.0459751883629573
1.043552348270531
1.0421901607884305
1.0430418643114179
1.0424328926641466
1.0406375973540978
1.0404115995515246
1.0370587320687799
1.0377006280236056
1.0396048763482018
1.0345879701565328
1.0357531438255347
1.0360462109642214
1.0331832866789359
1.0346959329196623
1.0342438664748093
1.0308717271324481
1.0342954569386424
1.0320423481976861
1.0320705704717474
1.0319903049571677
1.029940145448085
1.0293604557710259
1.0279871148155115
1.0274380016138305
1.0283207904316438
1.0276459833128002
1.0288892792708983
1.0274260838404812
1.0256872530531265
1.0263258265313815
1.0265761682717105
1.026408704555919
1.0251736110772476
1.024534975166637
1.023871122771688
1.0232382175342178
1.0233357740724949
1.0230967701331708
1.0223824586025365
1.0229256963195672
1.0232099520034563
1.0227314536172898
1.0216871921117603
1.022826773240477
1.0208887022896447
1.0212448462327637
1.021772724266966
1.019926980687011
1.0191547857311765
1.0205311029886295
1.0181638911809485
1.0193863285589762
1.0194320627488882
1.0192323474148761
1.0192754615894417
1.0190100197779974
1.0190734273163542
1.018769864645421
1.0187418170928269
1.0172126377094282
1.0188104722480644
1.0171190927365126
1.0164908637460888
1.0160619482996989
1.0175600598657897
1.0166740550884161
1.0148010492428607
1.0159693639416132
1.0165931667329502
1.0161406462664242
1.0164390859756816
1.0157275110260027
1.0158818810511228
1.014791665830386
1.0153843416539678
1.0159145630022615
1.0158054807874355
1.0152917884331374
1.0153713974688818
1.0158607313892323
1.013965231358476
1.0150682920348382
1.0151137608789864
1.0139944073943445
1.0148940943220468
1.0134996047737084
1.0141152660632045
1.0135244502190353
1.01377160810741
1.0141544715929838
1.0140712536759349
1.01397875472203
1.0138260883824495
1.0124001432058014
1.0132226143834897
1.013001023218605
1.0132630566723904
1.012559121450245
1.0120235359703238
1.0127343295618734
1.014496550572053
1.0136665769347593
1.0128872457829075
1.0127280148015207
1.0127046166737
1.0119029020862318
1.0111767679596275
1.0131442711430245
1.0138162980408554
1.0128412194534988
1.0132493238459557
1.0137271090188158
1.0119939601931955
1.0121067231219385
1.0112781756756302
1.0112290915327444
1.0118674733229092
1.0121617933778908
1.0125623211929593
1.0110166395809608
1.0129705223057748
1.011586219983248
1.0117092048659255
1.0118730040835904
1.0119835505844461
1.0115218653688083
1.0114935257769226
1.0120902149897608
1.0112991218785055
1.0116323817269852
1.0110872155383896
1.0122937858353742
1.0117824490903318
1.0112589083420245
1.0115158202477508
1.0117613884927834
1.0111459225434694
1.0101697658454059
1.0111004465026332
1.012029082687728
1.0115029383249177
1.0121118063120258
1.0106462708941635
1.0097784869688946
1.0116025979327123
1.0106755157758782
1.0104638766815894
1.0114578636633138
1.0104602894446282
1.0112197487941756
1.0107554926040525
1.0100278660680175
1.0103189942891933
1.011556212103883
1.010964800071755
1.0102269288875025
1.010309677511181
1.0112403742300824
1.012417758983422
1.01020165267275
1.009958005166843
1.0093969705451868
1.0098659524329456
1.010221456834635
1.0101382173588351
1.0111250083002108
1.010532407301282
1.010771088797792
1.0090052444136273
1.011155798220834
1.0099370203566187
1.0105112331327033
1.0095673417342639
1.0108332604686792
1.0109713265463494
1.0099661223267726
1.0099316199131625
1.0096545126174905
1.010367256594417
1.0101365231369013
1.0120239019398782
1.0103381391708754
1.0095333979637384
1.0108920422739038
1.0106104379698335
1.0094620719066798
