sigma=1.0 time=448.9609999656677 num_mc_iterations=1000000
3.253677275421843
3.0382368615011064
3.015207466615212
3.0137727757358346
3.0114737550097628
3.004869412622882
3.0025194336788608
3.005713643392423
3.0008203072422317
3.003493156814339
3.003400810376825
3.0047032303380825
3.001907868630256
3.0028742150250416
3.003078985727918
3.00129934548139
3.0005641314345133
3.001890176389185
3.001478310471835
3.005304852745146
3.002443300324606
3.0025723612487503
3.0020249010384044
3.0014240498454527
3.000205371045494
3.001427014446354
2.9991188704663276
2.9986109605877096
3.0035248716910328
3.002050520366556
3.000736207125467
3.0022784542755807
3.0003230471079263
3.0017600538297624
3.0006560787693957
3.000737902736633
3.0011170651557313
2.9996447154703882
3.0009540033357585
3.001406611040036
3.0010977492383604
2.999970204049777
3.0009277750714496
3.0006114591306368
3.0013003888864693
3.0008740981863125
3.0011030649604344
3.0007737321684473
3.0003188098466924
3.0002028382391237
3.001442799638855
3.0020436557360437
3.0011778938949387
3.000480077942937
3.002542172630431
3.0020412674444996
3.002743660753101
3.0029090395763225
3.000999597345533
3.0013525762989897
2.9991755691390516
2.999927438995622
2.9996992279171555
3.0015080114999764
3.0009821390590576
3.001371981763092
3.0004298425526694
2.9998988349411495
3.0009136539745986
3.001027287349881
3.001657840547074
3.001651594987024
3.0016667910185117
3.001066531616316
3.002015952235781
3.0007831906750915
3.0011325762374486
3.0003940237745264
3.0014396437385877
3.000665600975026
3.0009572282502854
3.0018882687576633
2.999355071260497
3.0014939645441547
2.999589460790669
3.0008267295472413
2.999694274846909
2.999993715255094
3.0004458268717764
3.001505749703798
2.9998962211322984
3.000896887799283
3.0012412001334243
3.001880038093194
3.000089197649794
2.9995516453664384
3.0013998574304717
3.0009683439354844
3.0008384616232906
3.0006835258866382
3.000687468077119
2.999261169596613
3.000975169871006
3.001593101781133
2.9995237245079176
3.0006050268640094
2.999981795320895
3.000757183627751
3.000256626275299
3.0003083375444666
3.0009642373786196
2.99985020743068
3.002116533440209
3.00151518184243
3.0018190634003457
2.999578480376742
2.999693736901836
2.999611795098215
3.00078522956457
3.0003557622984105
3.0002407983717574
2.9994177386945116
2.9997452012713404
3.000996420755959
3.001688201247567
3.0019483388843673
3.0016634421247947
3.000363642921836
2.9994489793684607
3.000437289106439
3.0006537680788514
2.9998308523334476
2.999445293915107
3.002296924094868
3.0004901803730766
3.0001663593380608
3.000154339530286
2.999801255386148
3.0006088935030264
3.0011727030562954
3.0006310510515912
3.0008754913851003
2.9994754984240255
3.000318359121239
2.9996966366387583
3.000731825932343
3.0008781175454864
3.0022517864133134
3.0003581874781053
3.0004843825166896
3.0004901192260838
3.0015860376955086
3.001556999607828
3.0007225813694607
3.0012304068830735
3.0009462803060107
3.002127381460588
3.0002976972287265
2.9997791772475595
3.0010508896476757
3.001000521513793
2.9998706498433814
3.001781491188644
2.9997815037061275
3.0001969745939427
3.0010145190115742
3.001345721541937
3.001160064988543
2.9998883135336083
3.000542397294185
3.0011007760155834
3.0010298200422723
3.0020332206974283
3.001982169707209
3.0010643495601856
3.0006644648659706
3.0011532334116597
3.0003145129472246
3.0000954489757823
3.0000587114954613
3.0002612491009546
3.0003756099751078
3.0006132893004738
3.0007960626135888
3.0001006208544556
3.0005419084096836
3.00007323925325
3.000855598980158
3.0009029686938296
2.999744063370899
3.0009641734796793
3.00059815244122
3.0007534944280487
3.0007597793434075
3.0019130480704144
3.000687798371307
3.0001836592278077
3.00040206336681
3.0002154103816814
3.0008855422639398
