sigma=1.0 time=0.810999870300293 num_mc_iterations=5000
1.0307197053540693
1.0544632441249424
1.0540961000915767
1.05196554117646
1.0502651920230597
1.043295708491278
1.0263503409579238
1.0172530868151044
1.0287141751239108
1.0188565128717493
1.0218813978728523
1.0123015595535982
1.0151120750127351
1.0190843624315078
1.0097177083756579
1.0331722464376443
1.0220440058684168
1.0139687981237264
1.0302112326073491
1.0227663385652372
1.0265637036464221
1.0045798294860406
1.0137049065427985
1.0109410323771146
1.007835491045199
1.0145243477287957
1.0108840648956572
1.0147573545343365
0.9943279002611826
0.9979956530770633
1.0071775135507242
1.0034658398489136
0.9962620738009917
1.0046138034405439
0.9994195050414337
1.0138372580138648
1.0060927550488026
1.001411623817233
1.0018644341754952
1.0043090561781385
1.0130025326045828
1.0107380742340393
1.0043173483323389
0.9968319544807236
1.0068576208090638
1.001380498580366
1.0002399816848788
1.0041000104870823
0.9996835300711154
1.0043763734346134
1.0008216163963202
1.003339214941469
1.0058860607559152
1.0010589084701726
1.0035306479131862
1.0010801339123434
1.0015080664786868
0.9973914202419937
0.994562484286238
0.9989637384704815
0.9998039880480262
1.0063007525956718
1.0054465502060435
0.9985445555978683
1.0023139102382201
1.00092830053744
1.001115111571947
1.000233115354312
1.0030255545616522
1.0031163028522976
1.000913928797104
1.001999255724547
1.0001253103836245
1.0008758096425001
0.9997802648193032
0.9998366497634638
1.003008026137582
1.0000597431686005
0.9985510615668439
1.0032795885760974
1.0019198495969377
0.9986953708259044
1.0019704791859523
0.999166990559644
0.99746774878009
0.998298553350554
0.9998272706006013
0.9994222096459058
0.9999330351479413
0.9999380405644767
1.0010051835104146
0.9976906470879316
1.0031521668688645
1.0002079253065517
1.0040755259891379
1.0002317705893524
1.0005769991427909
0.9997254677503155
0.9997048072213408
1.001207587479897
