sigma=1.0 time=8.082000017166138 num_mc_iterations=50000
1.1089072986882966
1.0782771739502137
1.0856726339079268
1.073217393577261
1.0661898294974301
1.0653758046241946
1.064871229182879
1.0603815363268971
1.0509086099492662
1.046922203957402
1.0502150667805046
1.0462483754615293
1.0320252375402514
1.0392225119204943
1.0373156560039003
1.0292116565635852
1.0287548397305597
1.0320520935066746
1.0280022981644636
1.0230718262749474
1.0244901522910648
1.0180607497356122
1.0189544036619513
1.0168838505549154
1.0176710688246071
1.014878548015721
1.0169381364793426
1.0143351752564325
1.0165551357666152
1.0139591606905185
1.0090034127937866
1.012730928346138
1.0144836839455411
1.0099619986426351
1.008820229189625
1.009145349961615
1.0066883120424368
1.0061212451629895
1.0076355301393864
1.0072227335344204
1.0064049265294717
1.0077764594159027
1.004613914044141
1.0055930561219795
1.0045539192481077
1.0045128941731456
1.008291437924874
1.005691335980449
1.002626755785303
1.0042356787815512
1.004001926489423
1.0035560525742602
1.0041309242094287
1.003117559896845
1.0033819344656392
1.00146156477562
1.0017331953816908
1.0000293380512886
1.0042722425686839
1.0022132146829454
1.0009824315717317
1.002237137350969
1.0023823300099777
1.0018896072372199
1.0018140947149223
1.0026076375564494
1.0013247455964502
1.000480007243128
1.0009913642608412
1.001404811584823
1.001356590637728
1.0006577095103815
1.0004217105571798
1.0009419896402059
1.0005220076059709
1.0011479884922805
1.0007698736696014
1.0007568718999387
1.0011217165672837
1.000071853462084
1.0000858105788368
1.0010915690543205
1.0002635198696457
1.0008899956316546
1.0007294110387537
1.0008693174235648
1.0008356337768496
1.000440404016753
1.0005676482756864
1.0001331073836208
1.0000908147489043
1.000400802133628
0.9998462439346402
1.0003735553210875
0.999839596961435
1.0002351896463682
1.0004269519484938
1.0004167965399953
1.0003646928677088
1.0002756114075892
