sigma=1.0 time=183.19400000572205 num_mc_iterations=1000000
1.028921680654284
0.9995614636019073
0.9998636877903775
1.0007141215346722
1.000757236442484
1.0006242876419478
1.0003269842535
1.0003931153854164
1.000597004939086
1.0002960175642577
0.9999599818198335
1.0004902282573553
1.0002221879965045
1.0005225168050977
0.9998800320916349
1.0001589136726952
1.0005734399855049
1.0004973165035376
1.0001038428205151
1.0005569084489478
1.000246065185436
1.000682434669362
1.0001415476188025
1.000541617992711
1.0005610048970512
1.0002294147720137
1.0000209304592078
1.000191505454532
1.0007208610921992
0.999821877722645
1.00071409384529
1.0001645611675345
1.0005389598092003
1.0005954923206126
0.9999885234462668
1.0003313112426246
1.0003390849975404
1.0001228508138769
1.0001712160646343
1.000277268092561
1.0000814941290934
0.9999553539302749
1.0007048853668494
1.0005171020675703
1.0001599055703196
0.9998788756557694
1.0006450630872796
0.9998009031166506
1.0001341736170701
0.9999932751439742
0.9998162058000224
1.0001660762261584
1.0002895932402496
0.999788026837551
1.0008725685972952
0.9998684420159311
1.0001445070025092
1.0005108130915707
1.000126615844262
1.0003227820274274
1.0002250833288555
0.9998867640397588
0.999795763190152
0.9999862136715388
1.0003889358499334
1.0001702011290696
0.9998736855258922
1.0005414303764897
1.0001361660129249
1.0001561926315872
0.9997101222152708
1.0004915031663393
1.000253072015621
1.0006749123808887
1.000500372756943
1.0002079719138888
1.0000039776367147
1.0002468361486616
1.00022807653642
1.000355461895468
1.0003949816097994
1.0002921232146884
1.0000299363391274
1.0002168446890283
1.0000257790660798
0.9999152922613065
1.0000504547494464
0.9999384394311014
1.000397741779201
1.0003637839054813
1.0005184462313874
1.0001588961817318
1.0001350033879852
1.000583390650402
1.0002740548407303
1.0002311738779652
1.0001428877826615
1.0002891699526082
1.000260302417438
1.000476572264324
