sigma=1.0 time=375.2000000476837 num_mc_iterations=1000000
1.0885252692811855
1.0212343231024168
1.0082219974463904
1.0040458210450927
1.0022602045576765
1.0015604278771706
1.0019343059225183
1.0012682173431626
1.0025147852970038
1.0015969507258036
1.0014941714390495
1.0018546607986414
1.0012648105036983
1.0002109073336898
1.000737770234858
1.0003667835495622
1.0008800008505612
0.9999627950776886
1.000373653411275
1.001104090494443
1.0005326833776416
0.9997673038878886
1.0006296942364834
1.0009353435425299
1.0000140886666875
1.0007850326349894
1.0005580408848627
1.0003901672607414
1.0007436065584576
1.0005284741233458
1.0006801180157063
1.000872550686107
1.0005361011605263
1.0007621815077676
1.000453855275999
1.000235011596411
1.0006624461188365
0.9996443307545402
0.9998904645228526
1.0001431051233864
1.0007247584752146
1.0005074532596565
1.0007630603749869
1.0002724033905885
0.9998575014844566
0.9999599816521653
1.0006090697947596
1.0007132541433454
0.9998739110307071
0.9998652378236011
1.000000633539444
1.0001036981129212
1.0002178849889296
1.0006107001859477
1.000320315741566
1.0005596645549735
1.0006833663252455
1.0005519472430302
1.0002833238672661
1.0002084019917876
1.000185997385316
1.0001897604284133
1.0002177349901948
1.0004763508815664
1.0000023672470892
1.000203218293922
1.0002566530937613
1.0003977479068549
0.9999737729108978
1.0001073854676947
1.0000629825733052
0.9998181569089419
1.0004293493842158
1.0002850359780973
1.0005333073084726
1.0007858561060703
0.9995096195466613
1.0001489814282474
1.0000339130525306
1.0000954687688701
1.000939298810313
0.9999374402202761
0.9997943806323318
1.0005025273143056
0.9999718678749885
1.0001282024799893
1.0002159090197045
1.0002092282438217
1.0002648177231137
1.0003295138339854
1.000336443945155
1.0001709100193217
1.0002502832811349
1.0003509911076376
1.0001258598623413
1.000058866316158
1.0000319001559876
1.0004668246396808
1.000155866534607
1.000640915414905
1.0001760401023114
1.0002822134018179
0.9996733690404502
0.999955403785464
1.0002835571479123
1.0004542007054191
0.9999282601162824
1.00023632795718
1.0003656225521573
1.0002618762864124
1.0000796535886318
1.0000647571964507
0.9999998688664594
1.0000804891575952
1.000363035199345
1.0002183097721424
1.0000872703076384
0.9997495287158439
1.0001268251455473
1.0000625276802653
0.999900970020904
1.0001593904065795
0.999983630515473
1.0005782529158842
1.0000630671309314
0.9999323114829085
1.0000134831121577
1.00019858425027
1.000299985946426
1.00025009674034
0.9999819873817911
1.0000759865441773
1.0000921968545242
1.0000953435959579
1.0000553048795324
1.0002220252993692
1.0002984111590218
1.0001235046154529
1.0003921314423148
1.0000967323706473
1.0000735993788323
1.0002797428434247
1.0001987668675751
0.9999502272489469
1.0001930757527613
1.0003085612080589
1.0000817247551972
1.0000789091408093
1.0003012295070508
0.9998715425454814
1.0002557733732473
1.0001677462560323
1.0003843827817456
0.9997847057395143
1.000052885849727
1.0001261591998905
1.000203772211689
0.9998107722577707
1.000210746255948
1.0000573721007873
0.9999724276141542
1.0002463513033417
1.0001675453796075
1.0001569989656942
1.00002728968969
1.0001227100196035
1.0001371116859625
1.0002955629735502
0.999955719993723
0.9998468955227919
1.0001651777778984
1.000028905536334
0.9999279520795007
1.0000684085688492
1.000118108014374
0.9999925707212663
0.9998731754737011
1.0001008020029174
1.0001579527398945
1.000143844091562
0.9999890902463492
1.000175835863122
1.0002505579624685
1.0002315481963298
1.0001097252364568
1.0000922172137052
1.0001577364413894
1.0001421055144222
1.000168159456826
1.000159953573939
1.000285919147464
0.9999296320819236
1.0002514972406047
1.0001352831074295
1.0001265067319327
1.0003861964224403
1.0003491258642947
1.0001252646340493
1.0001906103402052
1.0002034761690481
