sigma=1.0 time=450.35700011253357 num_mc_iterations=1000000
3.282529599882451
3.1825587770331976
3.133586022719219
3.0233658430222112
3.0058039977223134
3.006731091025917
3.005373655464001
3.005685704216445
3.0057903003920607
3.0059649760327924
3.0062129402202142
3.006286358676937
3.006335596532346
3.0062630129482173
3.0062588959506136
3.0062712471174007
3.0064225882954227
3.0065578807496047
3.006624568094982
3.0065646442970517
3.006728520326593
3.0066099220986975
3.0066971445550497
3.0067812665025166
3.006788852498868
3.006803054748394
3.0068618615189586
3.006913218986422
3.00686485538639
3.0067303666447454
3.006855139192892
3.006893449279569
3.0067917780704563
3.007022918238899
3.006928040817496
3.0068135580181035
3.006770414740784
3.0069175011451215
3.0070016904307013
3.00680544575334
3.00692003766723
3.006970363570355
3.0068606007264664
3.00668914471878
3.0069601831780877
3.006760718486766
3.006904750756258
3.006870299774552
3.006861315069559
3.0069578605927703
3.006849538566402
3.0067296652897837
3.006929847473543
3.0069580267936615
3.0068334015070484
3.006960286811517
3.006863961348941
3.006777293932191
3.0068433247050557
3.0067143379490364
3.0066626014081623
3.006784393878364
3.0068718751046104
3.006656580155412
3.006756905034704
3.006769820181704
3.006809248370114
3.0067018464319495
3.0068156453754327
3.0067446361975114
3.0065504049025877
3.00663827952949
3.006636880254076
3.006683130453065
3.006645425822626
3.0068300118309508
3.0066605110361326
3.0066377848124506
3.0065958352434543
3.0064810256948244
3.0067325428079634
3.006524158609046
3.006576987206725
3.00650979550201
3.0064642897241196
3.0064848275097065
3.006500105832155
3.006390345160865
3.0065443365419107
3.0063871194504403
3.0063043015715154
3.0065010416733586
3.0064388660452783
3.006467827964268
3.0063608192757187
3.0062972934695176
3.00627986166646
3.0064038152458785
3.006312749866017
3.0062200659755476
3.0063316478268187
3.0063243948737512
3.006422753141981
3.0061968370243894
3.006284055747866
3.006241187897219
3.00617921965855
3.006227714576805
3.0061478647704334
3.006244281429625
3.0061251740090214
3.0063346215610602
3.006174075887233
3.006222114380027
3.006064261263524
3.0061014938081114
3.0060138067208806
3.0060406294961926
3.0060581131545647
3.0061584196018223
3.0061232988243276
3.006126976089001
3.005868153776057
3.005945727226454
3.006005033825624
3.0061088878357465
3.0058974684730306
3.0058109747061685
3.006118723084789
3.0058729487254996
3.005877563028561
3.006016559120535
3.0059551273520326
3.005916523377842
3.0057787281015877
3.0058640786295734
3.0058683295218063
3.0057020519301476
3.005785395136338
3.005655531643721
3.0058622303730838
3.005727878686191
3.005965599520732
3.0058617610813676
3.005735584812949
3.0058147263412183
3.0057191415809967
3.005792482027461
3.0057211467653517
3.0057492338256178
3.0056678482398893
3.005589550341192
3.005799149652162
3.005695365074708
3.005608550064779
3.0056628125787883
3.0055799270813965
3.005749087873797
3.0057175020532707
3.00557510174027
3.0056638017181934
3.0056114599645256
3.005530871910333
3.005604390309585
3.0055801584963793
3.0055723870888023
3.005543583660778
3.0054979797978074
3.0055417998836575
3.0055275045871346
3.0054223861404665
3.0054427431120283
3.0055281464146684
3.0055131387673186
3.0055709711178644
3.0055022943389074
3.005552260772826
3.00553176920631
3.005356850378393
3.0053622629431875
3.0054696403851517
3.0054395992888296
3.005275673867628
3.0054867330685617
3.0054969477167894
3.00536117654122
3.0054193259841
3.0055447411521246
3.005255241373289
3.005343238775832
3.0053023785390636
3.005389151942607
3.0053187840798854
3.0052657510759704
3.005228655993658
3.0052909082732753
3.0052103614347434
3.0052836345226237
3.005314719533773
3.0052851439738584
