sigma=1.0 time=444.72699999809265 num_mc_iterations=1000000
3.2821916583089124
3.1959497914315453
3.175046495248458
3.0402577458454245
3.011182060482065
3.0081297915298175
3.006357335584116
3.0069513549475317
3.00686304022236
3.007000256026449
3.0073106355319945
3.0075179798091423
3.007445393918244
3.007321922854025
3.0073166131251865
3.007373522560377
3.0075791800814065
3.0075168015325553
3.007730068363086
3.0076121599833665
3.007786260165161
3.007725689702176
3.0078498521629564
3.007886433845395
3.007847569363302
3.0077974659169175
3.0077839597142355
3.008006988655656
3.0079565271198074
3.0077273937812863
3.007916130718951
3.007955682793893
3.007852087257704
3.008050845791418
3.007979298101703
3.0077101758237377
3.0076381370242826
3.0078212715851933
3.0080917860204734
3.0077875916908523
3.0080511936524172
3.007950485033911
3.007756859347001
3.0076353378944525
3.008027960244552
3.0077017778515542
3.0079372945592926
3.007962512469262
3.007874441995639
3.008091803335526
3.007860911887851
3.007779439223471
3.0080368385675764
3.0081039557367597
3.007972956161948
3.0080930220682163
3.0079259504913898
3.007864424989242
3.0078932278627666
3.0078594364077995
3.0076653934166675
3.007866899108071
3.007901168812251
3.0078074643392196
3.0079132504897803
3.007957131485235
3.0079988327696787
3.0078236970500516
3.0080616919864474
3.0078787891047356
3.0077508813826443
3.007813122160281
3.0078163461566896
3.007904745389057
3.0078585121742973
3.008035337471304
3.0078272235039827
3.0078053393457456
3.0076918585646566
3.007679505258379
3.007988742902641
3.0077244115115738
3.0078112335971636
3.0076833015005575
3.007642507695538
3.0078031567306334
3.0076830828185797
3.0076426869465056
3.00781836789709
3.0075821141899963
3.0075707106719887
3.0077052257028107
3.0076032593521824
3.007696761730732
3.00752896397703
3.007567190115858
3.0075727836677286
3.0077813205418775
3.007611020971625
3.0076089042778986
3.007669886297599
3.007639043324974
3.007741613439978
3.0074576606113888
3.007641711353726
3.0076296268430807
3.007589426360488
3.007690133762725
3.0075663475870655
3.0075041986035127
3.007536332902481
3.0077319000846905
3.007579687366083
3.0076228589895444
3.007505914467843
3.0074767232573896
3.0075019276122137
3.007404614247567
3.0075917286188436
3.0076509761901336
3.0076088305859883
3.0076844560463742
3.007256463994599
3.007358173524682
3.0075582970642816
3.0076871755238184
3.0073526398961596
3.0072426326385377
3.007626326172442
3.0073980448908153
3.0072969831328367
3.0075221887208485
3.0074858605103527
3.0075099531698513
3.0073659219433146
3.007421206686819
3.007379218101467
3.007224336066363
3.0074093604158354
3.0072275855883905
3.007391886282561
3.007384837222122
3.0076779414201695
3.0074844617463286
3.007316289049603
3.007528591023015
3.0073569621154963
3.0074507203792566
3.007326548502977
3.0073755623374443
3.0073254196320693
3.00716980637774
3.0074100132385357
3.007326455265409
3.0074001867530287
3.0074182315966347
3.0071258591834265
3.0074745457133254
3.0073065522790823
3.0072076965240644
3.0073678195860474
3.007300110382055
3.007256044691558
3.007351945885548
3.007326956494562
3.007331478848941
3.0072324798771115
3.0071744357186114
3.0072127093907945
3.0072727700341937
3.0072186608861653
3.0071971067982726
3.007280389964732
3.007279673588043
3.0073546129781548
3.0072318749413
3.0074576343661885
3.007409768619087
3.0070202849439394
3.0071726590389374
3.0073247475614706
3.0072777275321103
3.0069452442086995
3.0073593567064507
3.0073777591318653
3.007340597213576
3.0072752430439595
3.0073876853722163
3.007105691048631
3.007203505132105
3.0072910906375885
3.007327872884754
3.0071974359552147
3.007107553328728
3.007061688074888
3.0071147583095015
3.0072219885377502
3.0071875260778627
3.0072549568919507
3.0072330008015298
