sigma=1.0 time=437.71399998664856 num_mc_iterations=1000000
3.2961092277501174
3.175024695995057
3.0962965781589604
3.0242133552168204
3.0148513317060743
3.0164129352985922
3.015330486705083
3.015108681195523
3.0154249225650327
3.0156121556805298
3.0156498205011113
3.0154079494743464
3.0156967106175014
3.0156382529084786
3.015524712173382
3.0154464140084376
3.015427024782151
3.015962460784333
3.015679228036152
3.015741035552976
3.0158054531220317
3.015580989689804
3.01545921009019
3.0156472979026607
3.0157026465056784
3.0157979446388454
3.016043770334462
3.015684798637493
3.015586779054284
3.015632408975077
3.015591365323149
3.0156122664003897
3.0155160940699455
3.0156885822796555
3.0155024269969766
3.015747400470761
3.015793664096374
3.0158489781943425
3.015478198018064
3.0154448228559976
3.0153198061385034
3.015586783353
3.0156700411844666
3.0153111221009423
3.0154226511484503
3.0153726609492297
3.015311030852234
3.015217596577991
3.015339414300193
3.0151732357604653
3.015286279099374
3.015071941298198
3.0150751363035893
3.015026888565387
3.014974966265405
3.015116951309578
3.0152099926303864
3.0149760588027195
3.015172742805971
3.0147931587522665
3.014925707136699
3.014996394666141
3.0151541376047075
3.01465370603159
3.0147766349231424
3.014709142139189
3.0147225141967238
3.0146470282208107
3.0145967085958225
3.0147326015228018
3.014376669942477
3.0144828529113483
3.0145163079451933
3.014378856648821
3.014374901600152
3.0146384990786745
3.01460012822122
3.0144918205236206
3.0144244659669925
3.014347065439261
3.014316167695328
3.0143260810045764
3.01420872603542
3.0143554105816888
3.0142199201961617
3.0140265309219463
3.014298575437669
3.013995853713865
3.0141729800188246
3.0140437015191703
3.0138135727884214
3.0141134742425835
3.014287579403914
3.0140545121232396
3.0140404358480417
3.013787242811031
3.013683844426203
3.013687892015899
3.0136946483037694
3.013524053853238
3.0136233769763208
3.01371072476735
3.013903155804846
3.0136436283330825
3.013652988225465
3.013459310454551
3.013370947955114
3.0133106274348065
3.013287161590924
3.0136991577144654
3.013303742443015
3.013506190697871
3.0132471474800346
3.0132930393038295
3.0131364265831624
3.013269744614817
3.0129419413249234
3.013286899026469
3.0129277920353132
3.0131290394441317
3.013015483387275
3.0130196758776875
3.01297435476301
3.0130056169717783
3.012800245348001
3.0129415788423315
3.012913587677562
3.012890226061561
3.0129111013963814
3.012761924439696
3.0129146367462742
3.012840773229126
3.0127736859950236
3.012586598505812
3.012430723463742
3.0125319541643463
3.0127042842565204
3.0125325470783912
3.0123710108748636
3.012345544351551
3.012682697419012
3.012245251748418
3.012398787953486
3.0124518474193134
3.0124623066941467
3.01227097484973
3.012297857476107
3.0122687814139337
3.012389026326214
3.012294466061209
3.012135741500101
3.0122350569822314
3.012451925745031
3.0122776075042546
3.0118354764242623
3.0119751294658985
3.0122243440339567
3.0120710468433822
3.0123471412090317
3.012110367638203
3.0120204402084747
3.012079460372999
3.0118987700180777
3.01182291767634
3.011824512010419
3.011822554999927
3.0120366134139234
3.011848800439819
3.011998565627783
3.011786401428948
3.0115720396308077
3.011753645656631
3.0117969246345693
3.0116979300114797
3.0117678246502524
3.011815452265631
3.0114689561027013
3.011598119834147
3.011757605444146
3.0114975324671622
3.011589870979779
3.011532121222301
3.011648358321978
3.0114704740011518
3.0114651795143708
3.0112007050373633
3.0114530017266574
3.0115992751397167
3.011331378039503
3.011477484626554
3.0110773192197806
3.011217089710885
3.011335032043763
3.011332683074996
3.0113499863380713
3.0114120248197405
3.0108752541332353
3.0111285005895083
3.0112595630641903
3.0111559428016106
