sigma=1.0 time=343.05999994277954 num_mc_iterations=1000000
1.0864807884114749
1.0508774673415355
1.050450342028357
1.0133414704235546
1.0039957096129768
1.0002714383178812
0.9994607212775519
0.9995290571656924
0.999446776092448
0.9994680286320031
0.9995219452325029
0.9995248152331053
0.999640574321101
0.9996219331850327
0.9996426273797914
0.9996735093813139
0.9996734877681892
0.9996902997199544
0.999708580742272
0.9997411620453811
0.9997453760578527
0.9997627060991162
0.9997854432830271
0.9997997912879163
0.9998251286453207
0.9998175390657744
0.9998302036419938
0.9998426787804833
0.9998402867720502
0.9998589315856374
0.9998589832733733
0.9998691267056484
0.9998817383634765
0.9998940610431295
0.9998854911295612
0.9998874254279598
0.9998993365454598
0.9999063396589043
0.999899648117788
0.9999023840279666
0.9999238240534853
0.9999127554014241
0.9999266649535429
0.9999201995530218
0.9999284854431277
0.9999282200110087
0.9999375863341767
0.9999369235660577
0.9999517207680703
0.9999378347062301
0.9999443833839524
0.9999516285516998
0.9999528334782167
0.9999525272276321
0.9999573487003834
0.9999608991719291
0.9999575073303776
0.9999612947168552
0.9999591121276715
0.9999635848063887
0.9999677211407463
0.9999711485190563
0.9999718345714506
0.9999718903701869
0.9999727965799493
0.99997665052362
0.999975458455
0.9999747171627945
0.9999757253039699
0.999980439645819
0.9999770535942484
0.9999821307264369
0.9999802897093567
0.9999884503311587
0.9999815450221308
0.9999820831671795
0.9999848983445693
0.9999834100483476
0.9999845099191468
0.9999892252641411
0.9999846793958399
0.9999904555738395
0.9999839472661332
0.9999910190799076
0.9999908469344365
0.9999901428877889
0.9999889797820575
0.9999922267932637
0.9999942981079503
0.9999934131896339
0.9999939650540891
0.9999943231634987
0.9999945709069797
0.9999976317442986
0.9999942785462318
0.9999972240599111
0.9999957650796756
0.9999980220736301
0.999996404489553
0.9999936246617129
0.9999983971920485
0.9999973683102298
0.9999986184572094
0.9999968956044375
0.9999973528341292
0.9999988347138052
0.9999975142458645
0.9999988313106101
0.9999965214261141
0.9999999113272497
0.9999967570686584
0.9999984495137276
0.9999964729902142
0.9999980649835695
1.0000004434749048
1.000000594272046
1.0000006641249684
0.9999990603599476
1.0000003381863507
0.9999995135509834
1.000004849216863
1.000000953484551
1.0000002710052036
0.9999991904161315
1.00000056916609
1.0000032147316196
1.0000029562914783
1.0000020052207508
0.9999994730888591
1.0000003778536055
1.0000025395122878
1.000001184479459
1.000000990362122
1.0000018428970807
1.0000026295461102
1.0000018708229952
0.9999998680459018
1.000004067376733
0.9999996669697667
1.0000002624239663
1.0000015391811792
1.0000029468757987
1.000001563479837
1.0000015713553332
1.000001463731311
1.000000229792702
1.000001527113985
1.0000038296334313
1.0000031803024716
1.0000054591874072
1.0000044695847805
1.0000020664051836
1.0000005045167277
1.0000018380256472
1.0000028657320184
1.0000044981948903
1.000002266739156
1.000004323519478
1.0000053108986429
1.000002336367623
1.000004194544077
1.0000056245706452
1.0000038728184106
1.0000014843776843
1.000004370156175
1.0000014885213255
1.0000042265526605
1.0000031149624802
1.0000033373366377
1.0000033577175071
1.000003084962715
1.0000019127751265
1.0000056196099738
1.0000037572117082
1.0000040490374837
1.0000056187532798
1.000005177623117
1.000004121795245
1.0000040425720973
1.0000047243421626
1.0000046394566415
1.0000063603430347
1.0000010157608923
1.000004445236665
1.0000021777007915
1.000000919060771
1.0000018020022992
1.0000033599403455
1.0000053759538154
1.0000042990063405
1.0000028413028532
1.0000035460822854
1.000003012990707
1.0000028650928485
1.0000024817694346
1.0000036902323783
1.0000033686564487
1.000003435094617
1.000001479287245
1.0000044798892584
