sigma=1.0 time=344.82299995422363 num_mc_iterations=1000000
1.08681942933643
1.0513002859732479
1.0596697465627563
1.0159646343666973
1.0060670001918515
0.9996593469156435
0.998774437592412
0.9987166848673693
0.9986851337709428
0.9987175072453712
0.99869468044319
0.9987753106898952
0.9988321137551802
0.998803928731649
0.9988915502817747
0.9989194485650768
0.9989381829293298
0.9989785518857599
0.9989567051328881
0.9989932958655732
0.9989682860165175
0.9990064398068896
0.9990980732374174
0.9990897485318478
0.999096001338519
0.9991340761254572
0.999143235088724
0.9992076942525521
0.99920441882
0.9992270922236968
0.9992827556051962
0.999273913054313
0.9993089618776306
0.9993204928897865
0.9993402131566433
0.9993879491437365
0.9993736856772496
0.9994252919781396
0.9994422398740088
0.999450700697514
0.9995008346689145
0.9994677524548968
0.9995381710414598
0.9995260724298766
0.9995471107147077
0.9995729466014185
0.9996047106888085
0.9996020196276123
0.9996504958902602
0.9996142189592099
0.9996397321608839
0.9996714868816983
0.9996825562082458
0.9996919478912352
0.9997100970193433
0.9997336738568336
0.9997467421389955
0.9997415203681175
0.9997662455199685
0.999784407981911
0.9997915939271216
0.9998017176283173
0.9998000447176215
0.9998162268413149
0.9998165679172992
0.9998480584827272
0.9998440016369577
0.999834934469301
0.9998685886463543
0.9998654007351179
0.9998719163196227
0.9998780527175913
0.9998834556755716
0.9999092844423179
0.9999156232815268
0.9999050549251763
0.9999152771099196
0.9999156691386755
0.9999342106923294
0.9999385846410875
0.9999255218556552
0.9999436765322227
0.9999338198510266
0.9999438707224904
0.9999442119686963
0.9999473352924836
0.9999543856426995
0.9999587560783529
0.9999621583009976
0.9999716726699293
0.9999769005306746
0.9999784181829473
0.9999793053588355
0.9999826762936052
0.9999753501882884
0.9999946094731461
0.9999857190680435
0.9999904022344202
0.999990009966369
0.9999728802378993
0.9999905482842324
1.0000004663524238
0.9999966931124461
0.9999919320497301
0.9999948682619652
1.0000057344746225
0.9999937338089453
1.0000020719267515
0.9999924535436108
1.0000076089430598
0.9999959889751965
1.0000036744481648
1.0000070885125973
1.0000071864112914
1.0000045837908431
1.000006452792722
1.000008793428038
1.0000001653916561
1.000008458915466
1.0000026932684276
1.0000226855996526
1.000011511667361
1.0000118487427792
0.9999994831411986
1.0000082147654294
1.0000220308462675
1.0000146098007823
1.000010120054468
1.000012625391419
1.000000574409931
1.0000166699660182
1.0000081982462188
1.0000082852512977
1.0000087954981818
1.0000170013494527
1.0000174355183864
1.000008623858098
1.0000184114997748
1.0000158142102877
1.000008497072762
1.0000091822203938
1.0000187658795803
1.0000135031630215
1.0000080398173719
1.0000180023300391
1.0000059353665218
1.0000155128965542
1.0000106092123437
1.0000217948863646
1.0000233901091125
1.0000284736302327
1.0000200020214212
1.0000070676401236
1.0000227008475866
1.0000190223866277
1.0000181589561201
1.0000192943825703
1.0000183290580291
1.0000273411401537
1.0000186677295622
1.0000214611539902
1.000026056103741
1.0000242802316022
1.000004312151552
1.0000234192652104
1.000012933387556
1.0000200607329885
1.0000196685654763
1.0000154892102695
1.0000190754206688
1.0000251909857651
1.0000149638353575
1.000019060372885
1.0000158522376204
1.0000167103379285
1.0000294578723667
1.000025545796102
1.0000238176186436
1.0000232196769085
1.0000178804736377
1.0000256247875523
1.0000211987742122
1.0000152467106225
1.0000176498827773
1.0000196447845409
1.0000137640387008
1.000015242573252
1.000016794575331
1.0000242159432673
1.0000225301407353
1.0000177568232118
1.000023504174582
1.0000167249929526
1.0000165788103441
1.0000194783878087
1.0000203090600386
1.000016379450817
1.0000128653994524
1.0000132805482764
1.0000189139729332
