sigma=1.0 time=461.90000009536743 num_mc_iterations=1000000
3.283854755028975
3.2055872210144054
3.2045038740301806
3.0591932089281
3.021203184614601
3.010246680298647
3.008542547761436
3.009148865099668
3.0090014749998755
3.0090568712169934
3.0093756836575114
3.0096349742011457
3.0094970587452345
3.009336767184078
3.0093047561577784
3.009381030992668
3.0096012557605136
3.009433919814635
3.0097145599411106
3.0095614235428494
3.009728586104142
3.009695989738
3.009817417826167
3.00983655544558
3.0097663120359996
3.0096880284990535
3.0096323965748817
3.0099422566063017
3.009870255468866
3.0096119635196428
3.0098297537778453
3.009870997665072
3.0097733265838196
3.009929897639679
3.0098659877390537
3.0095402407158027
3.0094419416777924
3.0096524211542097
3.0099956161906967
3.0096461974004196
3.0099942358104728
3.0098123123764444
3.009576957175535
3.0094682723614468
3.0099208855963946
3.009542126618641
3.0098144477021624
3.009881182185562
3.0097549041334872
3.0100376517709533
3.009734683928424
3.0096682651496818
3.0099567429083622
3.0100315700671625
3.0099055894164484
3.0100320055338363
3.009833110621129
3.0097608102120508
3.009787845890831
3.009803168202446
3.009529443990743
3.0097883733299353
3.009792615458956
3.0097561324505038
3.0098734492833192
3.009922488557601
3.0099613648457315
3.0097431885245833
3.010066281210596
3.0098275096502576
3.0097223259726684
3.0097645908444526
3.009777450910598
3.0098887351449637
3.0098388647540797
3.010007247388434
3.0097950248570067
3.0097475384789734
3.0096026193773584
3.0096484758406885
3.0099730172596826
3.0096915149642562
3.0097936603070887
3.009644965971582
3.0095926599415863
3.0098409433370903
3.0096342345800022
3.009648392279759
3.0098212466603504
3.0095528116172954
3.0095644139289086
3.0096792141134654
3.0095474176678416
3.0096859337413666
3.0094623741371707
3.009571350920055
3.0095887853331695
3.0098311862787726
3.0096293688408187
3.0096751445203367
3.00970612955636
3.009654886836181
3.009769607643795
3.0094530405860995
3.009684097869965
3.0096772042519815
3.009636533023235
3.009783356890714
3.009647340406612
3.0095097130821755
3.0095962973383603
3.009795646051006
3.0096418827773577
3.009698841154792
3.0095701123795173
3.0095286939512085
3.0096019755966927
3.0094457208314638
3.009713736462888
3.009763458499435
3.009698040888339
3.009826726745242
3.009294226389608
3.0094141702395207
3.0096853340227128
3.0098315038544805
3.009437737151641
3.00932055849774
3.0097384269624605
3.009517315865916
3.0093420501033608
3.009614697238491
3.0096091918611076
3.009652360479784
3.0094947073274003
3.009543138120403
3.0094697307953693
3.0093275461128655
3.0095711946907486
3.00936438105325
3.009496030447807
3.0095723670536745
3.0098844122025064
3.0096353959946245
3.0094493053143805
3.009723433323046
3.009518653146296
3.0096218534131127
3.0094685449296517
3.009540768662026
3.009486379642361
3.0092959714679512
3.009557599922006
3.0094870712764594
3.009623820916315
3.0096354126652582
3.009238474998397
3.009678678665841
3.0094500103678175
3.0093690628736476
3.009556777693261
3.009473551758853
3.009467470632361
3.009552068849585
3.009528444870827
3.009540726396874
3.0094262267227383
3.0093486828249665
3.009387086488426
3.0094796174512837
3.009435405449358
3.0093859364569866
3.0094742412705244
3.009496728215504
3.0095604336811435
3.0094409134545432
3.0097268860678836
3.0096858676542295
3.009176772067637
3.009405797250911
3.0095789707357588
3.0095304588028156
3.0090948648645965
3.009618808193562
3.0096378866366194
3.009656558881511
3.0095215999956935
3.009631426799561
3.009360757914838
3.0094639131290832
3.0095985504411145
3.0096254773263307
3.009472586052219
3.0093549838923286
3.009309355080243
3.0093316943499424
3.0095420810947235
3.009461453683048
3.0095631428568335
3.0095345287234503
