sigma=1.0 time=423.8819999694824 num_mc_iterations=1000000
3.2500872400629595
3.038299336855087
3.012868236083792
3.0079721278782015
3.0060601857977938
3.0061759384302333
3.004178682391575
3.004426937855272
3.004590735611541
3.0045639062149303
3.003818405561756
3.003257119058851
3.0035656278314296
3.0033582728972688
3.002441699290623
3.002666127507784
3.0021651309027244
3.0023699295666764
3.002456401160106
3.0021897173872807
3.0017125902421826
3.001406069196202
3.001742379824202
3.0018302723157144
3.0017133586548903
3.002342454402516
3.0019484158743315
3.001609232384501
3.001613995438995
3.0013696789202275
3.0014512894326546
3.001524923855715
3.0015935180023523
3.001636535722878
3.0017689883494736
3.0013635608873463
3.0013677139667796
3.001575372050938
3.001562117394106
3.0010742210758075
3.001296950012298
3.0011570889073034
3.0009440242737777
3.001309813016748
3.0013819687154273
3.0010440344396185
3.001278816488424
3.0011736072573356
3.000966112762738
3.001195302767548
3.0010681971917896
3.0008283243007137
3.001238246114658
3.0008235671149963
3.0009360890331007
3.0013194392738347
3.0010265594716516
3.001020219592803
3.001226672500653
3.0010300325241035
3.0010440371978784
3.0009478571213597
3.0011806226850966
3.0011171416767137
3.0010396168642743
3.0009526455323665
3.0010292673550447
3.0009814227534086
3.0011375689989745
3.000926570749116
3.0009252338528465
3.000798206639468
3.000863294390256
3.00083876308201
3.000475784242048
3.000851697540271
3.001154852474676
3.000780058602744
3.0007597568724087
3.0008321575958363
3.0008853801436524
3.0010400517103304
3.000405191940465
3.000900900619595
3.0006879591847064
3.000902743308187
3.0008864483748194
3.0008093917635503
3.0011333702253773
3.000924572762112
3.000685303091117
3.0006951137518287
3.0006326297810713
3.000850543734983
3.0007561666519225
3.000722568053516
3.0010146316677955
3.0003937799966662
3.0007253242950007
3.0004475828205206
3.0007363749968716
3.0007011914149313
3.000608949472855
3.000899192545642
3.0005535524182254
3.0009657436913186
3.0010228805788257
3.000920481180065
3.0008923616159335
3.0005769240172726
3.0008642138583093
3.000602104824375
3.0009091204251743
3.000518114151835
3.000821427510386
3.0006620863583633
3.000864408765178
3.0005032026144987
3.0007422008432467
3.0006737862171278
3.0007333252807764
3.0006361793444136
3.000486179181491
3.0006399470024796
3.000763588908674
3.0008075410310777
3.0005795645955393
3.0004907100135343
3.000795021691042
3.000852613305166
3.000919748218215
3.000377731485467
3.000864708541779
3.000660150648905
3.000871487662609
3.000626997435776
3.0010351726507243
3.0009985953421636
3.000610595972008
3.0007982888454596
3.0008058839967275
3.000651988932892
3.000756184787487
3.001017497532334
3.0004701503123226
3.000843177977858
3.000497045529804
3.000324741841736
3.0004309134648635
3.0010459517116606
3.0006520240677923
3.0009169495757875
3.0005835016054347
3.000678785265613
3.000574837361335
3.0004680770988985
3.0009119699560456
3.0006077164837026
3.000693238786524
3.000765580299643
3.00052603784978
3.000635033319502
3.0010150115587453
3.0007824593865555
3.000609538827198
3.000580342975487
3.000337686951157
3.000368162743039
3.000879721735611
3.000595238591599
3.0005452744902246
3.0003792328663166
3.0008878034705186
3.000622790765332
3.000333485545534
3.000656926988812
3.000715540477445
3.0004176423076023
3.0008191207481683
3.000384306234602
3.00059841210612
3.0005800152339077
3.0010471526480966
3.000663757442347
3.0008009394720703
3.000712831799078
3.0005881974518975
3.0009084597276727
3.000524979893323
3.0007815094958445
3.000774651115851
3.0005003438872
3.0006920936081665
3.0007674460924343
3.0005961075320142
3.000756694249456
3.0006758599923598
3.000847759615972
3.0006748896185633
3.00048346089142
