sigma=1.0 time=356.0439999103546 num_mc_iterations=1000000
1.0798451541670981
1.0222481543224533
1.0106175002217646
1.0042879440131514
1.0027760723706218
1.0021140405813358
1.0018472006082872
1.0016318843649092
1.0015371674004228
1.0014576560365525
1.001467952744374
1.0013022482427145
1.0011495720321193
1.0013429634075122
1.0011960901599477
1.0009681128165495
1.0008001998075888
1.0007868004867613
1.0006800474899327
1.0007759778524838
1.0007276718699776
1.0007762494463746
1.0006142009339536
1.0006063705673793
1.0006593925863372
1.0004386827204526
1.0005141076877029
1.0007522744194592
1.0005835364048903
1.00049131162074
1.0005423197892445
1.0003500947535537
1.0005897700212991
1.000475407869441
1.000468128789118
1.000407046085256
1.000513017147441
1.0003789397688296
1.0004248246810175
1.000299740667322
1.000422497864584
1.0003599114084336
1.0002880982571023
1.0003401506473473
1.0003030409135338
1.0003038927831345
1.000279013443278
1.0003239623859612
1.0002523892443722
1.0002876643010086
1.0003085872397763
1.0002776047030832
1.000284713606029
1.000222976613411
1.0002565043591771
1.0002500099793106
1.0001222415812359
1.0002677484158302
1.0002037774619037
1.000150608369645
1.000238759075004
1.0002563297848972
1.0002126899404957
1.0002821416764016
1.0002775370948835
1.0002469746183356
1.000229353533736
1.000270426865518
1.000250909573044
1.0002354398971542
1.0001582840248884
1.000107652484428
1.0001790314947339
1.0002577157952237
1.0001079392954073
1.0001300363156995
1.0002191994027412
1.0001605334923875
1.0002177473740768
1.0001894549558012
1.0002410449427475
1.0001038320182079
1.0000453211250524
1.0002180776082257
1.0001824610524848
1.0001502823415318
1.0002524037885667
1.0001786605679743
1.0001594970256733
1.0001347273674415
1.0001691292134764
1.0001572063665154
1.0001694071294258
1.0001424758556172
1.0001711891333667
1.0001246379840774
1.000112755537117
1.0001505625559082
1.0001508173736695
1.0001474135153106
1.0001390304848858
1.0001486599902492
1.000123645014097
1.0001925235563291
1.0001857615620804
1.0001395442155558
1.0001733226481415
1.0001187635559234
1.0001407870881123
1.00015364285322
1.0001101241752666
1.0000870163991542
1.000163122109735
1.000108757744965
1.0001258828802986
1.000194261688952
1.0001042879705808
1.000116493170731
1.0001156433378136
1.000137738177826
1.0001620191706049
1.0001338091509473
1.0001503446865845
1.000078930535685
1.0000695567973619
1.0000609175350235
1.000173597534547
1.0000805380475994
1.0001172632544226
1.0001777882443734
1.0000789179845266
1.000071432666976
1.0001511741355948
1.0001351619136787
1.0000836082412945
1.0000596521200216
1.0001664123863696
1.0001786384017315
1.0000870263247534
1.0001591645569745
1.000171074507124
1.0001393315512148
1.0001168439276824
1.000180201402778
1.0001209326641427
1.000107600600346
1.0001310686107951
1.0000869449035612
1.0000977360649923
1.0000976060473465
1.000187552327903
1.0000862223516158
1.0001094679352187
1.00009234787726
1.0000843989140806
1.0001411658809733
1.0001047177818632
1.000082179475836
1.000078500345599
1.0001084580580901
1.0001318013529732
1.0001162773058183
1.0000449097075574
1.0000287153505019
1.0000646668554984
1.000166961399399
1.0000938087990918
1.000101066781053
1.0000812387339824
1.0000431208492413
1.000143649094705
1.0001300534828312
1.0000717712093576
1.0000539380790794
1.000063856050657
1.0000824274283846
1.0000894379262075
1.0000367483022348
1.0000779584958248
1.0000755493556714
1.0000886854793622
1.0001110601810193
1.0001254473722365
1.0001239785159688
1.0000732895904723
1.0001126060115177
1.0000731812844257
1.000038854686475
1.0001456268011366
1.0001014428116468
1.0001141214427984
1.0001299264402392
1.0001507091098105
1.0000286154931588
1.0000865124176603
1.0000793498426024
1.0000815771497376
1.0000731471994613
1.000083388521254
1.000143328890287
