sigma=1.0 time=175.5809998512268 num_mc_iterations=1000000
1.1102082124586614
1.0080900490836784
1.0052780114176638
1.0039412171909587
1.0037386376234427
1.003452841175121
1.0032891328105233
1.0027095822146823
1.0026274266691446
1.002398772646702
1.0022274768261707
1.0018598204676183
1.0019465152989913
1.001931774314225
1.0016228220433445
1.0016712396142011
1.0013976077220375
1.0015668136436477
1.0013422850517324
1.001129270498105
1.0010585252666042
1.0012973175972597
1.0010780666874006
1.0010951243456625
1.0008158428586016
1.0009340279964631
1.0009207281255006
1.00101702899246
1.0006923231197138
1.000702955310398
1.00096073885625
1.0006133757295832
1.000858761037822
1.0006109279159414
1.0007803260387023
1.000789106101749
1.000610802978336
1.0006098214836032
1.0005665394707264
1.0006379826536838
1.0004790735892304
1.000624037671734
1.000605293904291
1.0005226941978835
1.000672107847965
1.0006951583274928
1.0004903119873931
1.0003896273996342
1.0004590171964125
1.0004836376526507
1.0004849856812081
1.0005271004807406
1.0004814271057043
1.0005507375918947
1.0005750406184883
1.0004300793154286
1.0005148941879218
1.0004104411412145
1.0005129186227761
1.0005627326461783
1.0003388968896232
1.0004074721565352
1.0003620696391329
1.0003858498086255
1.000465236805877
1.0004160859657205
1.0003780582521147
1.0005153408581973
1.000369861685632
1.0002828063339246
1.0003849814970567
1.0002795519564065
1.0004498115980682
1.0003230061775714
1.000459935159556
1.0004050804567748
1.0003483431997156
1.0002855966034525
1.000397268226563
1.0004641245473462
1.0003771954816572
1.0003382939914494
1.0004453173272272
1.0004237241130205
1.000358590040814
1.0003591079852237
1.000392419735373
1.000338996924834
1.0002684531718433
1.0003051930445719
1.0003927300129443
1.0003603093648923
1.0003089008521886
1.0002945844007611
1.0004285267604909
1.000400176336285
1.0002623284545697
1.0002322869199793
1.0003339136846119
1.0003984843848381
